[18601.31970861774, 35718.86091502473, 38216.798822027995, 237962.7298856091]
[0, 0, 0, 0]
[{0: 270, 1: 7}, {0: 510, 1: 7}, {0: 810, 1: 7}, {0: 2940, 1: 7}]
[1, 1, 1, 1]
[2208, 3760, 4560, 17840]
[16393.31970861774, 31958.86091502473, 33656.798822027995, 220122.7298856091]
[0.00017056241076739134, 6.901933221577453e-13, 1.7778874447325467e-29, 0.0]
[1, 1, 1, 1]
[0.3578751580867637, 0.14811319969530845, 0.04916675299948834, 1.955796447777368e-05]
[0.001027008604681631, 4.332287327142364e-11, 1.4337562412035935e-26, 0.0]
[0.7526596881264138, 0.5919919898800041, 0.43849262988420123, 0.0520537736845182]
[0.6165652364798216, 0.18169538904855334, 0.05751685291142362, 2.4193930267492607e-30]
[138, 235, 285, 1115]
