[829.0306495687385, 3254.674147124903, 4379.700277481135]
[0, 0, 0]
[{0: 3, 1: 3}, {0: 38, 1: 1, 12: 2}, {0: 51, 1: 1, 17: 2}]
[1, 1, 1]
[144, 432, 528]
[685.0306495687385, 2822.674147124903, 3851.7002774811353]
[0.9458597240576584, 0.6236770423750062, 0.5172547049704899]
[1, 1, 1]
[0.9703725093562657, 0.7705488893118821, 0.7040696960536297]
[0.9850934380853521, 0.925337228311856, 0.9047241315891249]
[0.9910359161258742, 0.9267809647166121, 0.9011784036598736]
[0.9984387511088268, 0.9438053152497056, 0.9010768821556839]
[9, 27, 33]
