[2797.1458392071477, 5504.650367922753, 20859.96910022215, 32284.559223921646]
[5, 5, 0, 0]
[{0: 44, 4: 5}, {0: 88, 8: 5}, {0: 204, 1: 4, 2: 2, 8: 2}, {0: 342, 1: 7, 2: 1, 12: 1}]
[4, 8, 1, 1]
[560, 816, 2144, 2928]
[2237.1458392071477, 4688.650367922753, 18715.96910022215, 29356.559223921646]
[0.6676228239612662, 0.4308607619687559, 0.0015232112917203788, 2.967967714353914e-07]
[1, 1, 1, 1]
[0.7255664080186088, 0.5264466124450266, 0.42225022364249576, 0.25707206259720833]
[1.0, 1.0, 0.007290712443796217, 5.1566398578407166e-06]
[0.9332944593812945, 0.8666920568517107, 0.7833919908382515, 0.6762478484398533]
[0.9859055697838133, 0.9443169679762178, 0.6315986102716383, 0.3310789679853272]
[35, 51, 134, 183]
