[2797.1458392071477, 6466.718444330714, 21755.381178806176, 34726.92131716678]
[5, 5, 0, 0]
[{0: 44, 4: 5}, {0: 88, 8: 5}, {0: 204, 1: 4, 2: 2, 8: 2}, {0: 342, 1: 7, 2: 1, 12: 1}]
[4, 8, 1, 1]
[560, 928, 2304, 3168]
[2237.1458392071477, 5538.718444330714, 19451.381178806176, 31558.921317166776]
[0.6676228239612662, 0.427289756116473, 0.0014975171499189476, 2.767074794111576e-07]
[1, 1, 1, 1]
[0.7255664080186088, 0.5264466124450266, 0.42225022364249576, 0.25707206259720833]
[1.0, 1.0, 0.007290712443796217, 5.1566398578407166e-06]
[0.9332944593812945, 0.8684280445126917, 0.7857468750083987, 0.6864731778340089]
[0.9859055697838133, 0.9346183548166476, 0.6190835789911167, 0.3040714478939767]
[35, 58, 144, 198]
