[1956.078252377664, 3141.542474937354, 5570.939040343035, 7424.150580804928, 12537.633466793766]
[0, 0, 0, 0, 0]
[{0: 24, 3: 1, 4: 1, 10: 1}, {0: 56, 3: 4, 8: 1, 19: 1}, {0: 147, 3: 7, 8: 1, 18: 1, 38: 1}, {0: 301, 2: 1, 3: 10, 6: 1, 14: 1, 30: 1, 62: 1}, {0: 758, 2: 1, 3: 15, 6: 1, 14: 1, 30: 1, 62: 1, 126: 1}]
[3, 3, 3, 2, 2]
[256, 352, 608, 752, 1120]
[1700.078252377664, 2789.542474937354, 4962.939040343035, 6672.150580804928, 11417.633466793766]
[0.745893766104645, 0.4745323539730479, 0.138505142099441, 0.018013717760391058, 3.6149621643621e-05]
[1, 1, 1, 1, 1]
[0.8475428503023451, 0.7076077347272662, 0.4714787374216857, 0.27164454854530895, 0.07124650305213745]
[0.9369912026163575, 0.7746691203732716, 0.4444071240318658, 0.1529953632523901, 0.006596083484379555]
[0.9675225846837674, 0.9407945259609454, 0.8824417114557718, 0.8121225152229574, 0.6510201771893984]
[0.9707752336368131, 0.9201576274467169, 0.7490947353108222, 0.5337065587876453, 0.1181570421041506]
[16, 22, 38, 47, 70]
