[2280.5458562624217, 10833.667387064916, 22030.82124144538, 53233.60480307583, 120498.03587654495]
[4, 3, 27, 44, 58]
[{0: 9, 1: 6, 2: 4}, {0: 7, 1: 27, 2: 3}, {0: 55, 1: 35, 2: 27}, {0: 89, 1: 105, 2: 44}, {0: 117, 1: 241, 2: 58}]
[2, 2, 2, 2, 2]
[336, 960, 1984, 4688, 9088]
[1944.5458562624217, 9873.667387064916, 20046.82124144538, 48545.60480307583, 111410.03587654495]
[0.5434311123538602, 0.03853255656752888, 2.480844857953761e-09, 2.7122194987471986e-42, 4.709235967750723e-148]
[1, 1, 1, 1, 1]
[0.9275689688183278, 0.8433051360508336, 0.6369088258938781, 0.37816180712868996, 0.1662122034722543]
[0.609193222549821, 0.06120702408492603, 1.1363315214000073e-08, 2.258135273896326e-39, 4.535160577545688e-136]
[0.9792086759647052, 0.9407945259609453, 0.8824417114557717, 0.7414484806367365, 0.5491961035890859]
[0.9821277267549665, 0.7935001863834292, 0.3884465393758708, 0.004283672248782619, 1.1375419703424642e-11]
[21, 60, 124, 293, 568]
