[17680.819714624005, 32273.95446435364, 37102.25890808953, 207470.44156279598]
[0, 0, 0, 0]
[{0: 270, 1: 7}, {0: 510, 1: 7}, {0: 810, 1: 7}, {0: 2940, 1: 7}]
[1, 1, 1, 1]
[2112, 3504, 4432, 16304]
[15568.819714624005, 28769.95446435364, 32670.25890808953, 191166.44156279598]
[0.00017182909336839857, 7.892963096591104e-13, 1.874520411175758e-29, 0.0]
[1, 1, 1, 1]
[0.3578751580867637, 0.14811319969530845, 0.04916675299948834, 1.955796447777368e-05]
[0.001027008604681631, 4.332287327142364e-11, 1.4337562412035935e-26, 0.0]
[0.7399663251239439, 0.5727656201607889, 0.42467619882917407, 0.03844104206096173]
[0.6317992520178463, 0.21475936638590798, 0.06261601180180855, 3.0229591349600616e-26]
[132, 219, 277, 1019]
