[126810.08347460174, 7203402.407385918, 53729951.17038122]
[1, 1, 1]
[{0: 1013, 1: 159, 2: 6, 3: 1, 4: 1, 5: 1}, {0: 64994, 1: 7852, 2: 81, 3: 2, 9: 1, 13: 2}, {0: 476958, 1: 69307, 2: 255, 3: 1, 15: 1, 18: 1, 19: 1}]
[1, 1, 1]
[15408, 702656, 4904784]
[111402.08347460174, 6500746.407385918, 48825167.17038122]
[3.94209603163138e-08, -0.0, 0.0]
[1, 1, 1]
[0.011094979641301867, 1.3111291159570389e-118, 2.5e-323]
[6.725536423153667e-05, 9.773876887614331e-223, 1.5e-323]
[0.2549511156141481, 6.44008237288884e-36, 1.470201993435486e-268]
[0.20721292648802594, -1.0068676652487969e+26, 2.676417455973914e+92]
[963, 43916, 306549]
