[122220.32766356978, 6377876.092927419, 45570339.61092546]
[1, 3, 2]
[{0: 1024, 1: 158, 2: 7, 4: 2, 5: 1}, {0: 65045, 1: 7854, 2: 90, 9: 1, 13: 2}, {0: 477011, 1: 69295, 2: 263, 3: 4, 15: 1, 18: 1, 19: 1}]
[1, 1, 1]
[14656, 616288, 4153264]
[107564.32766356978, 5761588.092927419, 41417075.61092546]
[3.61896272507632e-08, -0.0, 0.0]
[1, 1, 1]
[0.010712431919607817, 9.902343412137534e-119, 2.5e-323]
[6.365181984466353e-05, 6.581210061803722e-223, 1.5e-323]
[0.24105950328822492, 1.2611534806727483e-39, 1.0915076837183038e-301]
[0.22017142475736198, -8.284784319354834e+22, 9.415523934605216e+87]
[916, 38518, 259579]
