[1276.442036793987, 2563.0459763329022, 3757.6666430259556, 3498.8533749080507, 5693.209617994922]
[0, 0, 0, 0, 0]
[{0: 11, 10: 1}, {0: 20, 19: 1}, {0: 39, 38: 1}, {0: 63, 62: 1}, {0: 127, 126: 1}]
[10, 19, 38, 62, 126]
[160, 256, 384, 336, 496]
[1116.442036793987, 2307.0459763329022, 3373.6666430259556, 3162.8533749080507, 5197.209617994922]
[0.8533219111498624, 0.7302025950023074, 0.5077947019126091, 0.3397108313523257, 0.07887682186934765]
[1, 1, 1, 1, 1]
[0.8955869907338782, 0.8224322824348484, 0.6797938283326576, 0.531750826943791, 0.27993842150940046]
[0.9950062500000001, 0.9950062500000001, 0.9950062500000001, 0.9950062500000001, 0.9950062500000001]
[0.9762739865836303, 0.9550199818235598, 0.9120631656822723, 0.8623672548254326, 0.7444217038990515]
[0.9808612888926987, 0.9343400301371965, 0.823114443361085, 0.7445316323624598, 0.38040135808066916]
[10, 16, 24, 21, 31]
