[415.15889754210565, 1530.8310650985368, 2224.4755347560204]
[0, 0, 0]
[{0: 2, 1: 1}, {0: 11, 10: 1}, {0: 17, 16: 1}]
[1, 10, 16]
[64, 192, 240]
[351.15889754210565, 1338.8310650985368, 1984.4755347560204]
[0.9752021924444021, 0.8542948703606811, 0.7649316062996118]
[1, 1, 1]
[0.985074875, 0.9000874278732445, 0.8433051360508335]
[0.9950062500000001, 0.9950062500000001, 0.9950062500000001]
[0.996005996001, 0.9752977125970467, 0.9598094405250761]
[0.9989360010720529, 0.9780478182108645, 0.9497887794126212]
[4, 12, 15]
