[121354.14384687888, 6302196.6549948035, 45615191.10884183]
[1, 1, 1]
[{0: 1013, 1: 159, 2: 6, 3: 1, 4: 1, 5: 1}, {0: 64994, 1: 7852, 2: 81, 3: 2, 9: 1, 13: 2}, {0: 476958, 1: 69307, 2: 255, 3: 1, 15: 1, 18: 1, 19: 1}]
[1, 1, 1]
[14544, 612336, 4159360]
[106810.14384687888, 5689860.6549948035, 41455831.10884183]
[3.9895996281235764e-08, -0.0, 0.0]
[1, 1, 1]
[0.011094979641301867, 1.3111291159570389e-118, 2.5e-323]
[6.725536423153667e-05, 9.773876887614331e-223, 1.5e-323]
[0.24009671066809513, 1.1817474600224269e-39, 4.2873881213484847e-302]
[0.22268433431339646, -4.079194872938365e+22, 1.0007239275999618e+88]
[909, 38271, 259960]
