[4715.628157426098, 11131.357539687646, 22651.15037314792, 34878.84273763288]
[5, 5, 0, 0]
[{0: 64, 1: 1, 2: 1, 3: 4, 4: 5}, {0: 135, 1: 2, 2: 3, 3: 3, 4: 3, 7: 5, 8: 5}, {0: 219, 1: 4, 2: 3, 3: 3, 8: 2}, {0: 363, 1: 7, 2: 1, 3: 3, 5: 1, 12: 1}]
[1, 1, 1, 1]
[800, 1520, 2432, 3200]
[3915.6281574260984, 9611.357539687646, 20219.15037314792, 31678.84273763288]
[0.5323248192391464, 0.17631865004827382, 0.0010474573727145106, 1.636926096991021e-07]
[1, 1, 1, 1]
[0.6563549768288429, 0.3614809303671762, 0.3897078735047414, 0.23023039494318492]
[0.9047241315891246, 0.6534219825328403, 0.005676235496741938, 3.454868314899281e-06]
[0.918473222415949, 0.839383522492551, 0.7802631200940591, 0.6803195746905676]
[0.9760122287200366, 0.889321271338036, 0.6068700326406656, 0.3024976105875904]
[50, 95, 152, 200]
