[2797.1458392071477, 5901.133881647247, 20789.758477509, 32334.237362370888]
[5, 5, 0, 0]
[{0: 44, 4: 5}, {0: 88, 8: 5}, {0: 204, 1: 4, 2: 2, 8: 2}, {0: 342, 1: 7, 2: 1, 12: 1}]
[4, 8, 1, 1]
[560, 832, 2176, 2928]
[2237.1458392071477, 5069.133881647247, 18613.758477509, 29406.237362370888]
[0.6676228239612662, 0.4273404137915799, 0.0015135676909260917, 2.94239581958599e-07]
[1, 1, 1, 1]
[0.7255664080186088, 0.5264466124450266, 0.42225022364249576, 0.25707206259720833]
[1.0, 1.0, 0.007290712443796217, 5.1566398578407166e-06]
[0.9332944593812945, 0.8632304853107435, 0.777146746072131, 0.6715282910605717]
[0.9859055697838133, 0.9403572159657702, 0.6326433655222033, 0.3305332072425214]
[35, 52, 136, 183]
