[1878.4979435435012, 3235.0767351205614, 5446.801396858009, 6132.018612084456, 10664.053975752175]
[0, 0, 0, 0, 0]
[{0: 11, 10: 1}, {0: 20, 19: 1}, {0: 39, 38: 1}, {0: 63, 62: 1}, {0: 127, 126: 1}]
[10, 19, 38, 62, 126]
[240, 352, 592, 624, 992]
[1638.4979435435012, 2883.0767351205614, 4854.801396858009, 5508.018612084456, 9672.053975752175]
[0.8463098489143107, 0.7207668929963849, 0.47099164017124656, 0.27733433037919597, 0.03508631398149809]
[1, 1, 1, 1, 1]
[0.8955869907338782, 0.8224322824348484, 0.6797938283326576, 0.531750826943791, 0.27993842150940046]
[0.9950062500000001, 0.9950062500000001, 0.9950062500000001, 0.9950062500000001, 0.9950062500000001]
[0.9772512378214517, 0.9598094405250761, 0.9240034012385753, 0.8806777104745713, 0.7748176364970064]
[0.9718283871581339, 0.9176643386236608, 0.7535925610200319, 0.5951859155401272, 0.16257356516867671]
[15, 22, 37, 39, 62]
