[2797.1458392071477, 6261.569067152659, 21979.4541027804, 34215.3755394575]
[5, 5, 0, 0]
[{0: 44, 4: 5}, {0: 88, 8: 5}, {0: 204, 1: 4, 2: 2, 8: 2}, {0: 342, 1: 7, 2: 1, 12: 1}]
[4, 8, 1, 1]
[560, 976, 2288, 3136]
[2237.1458392071477, 5285.569067152659, 19691.4541027804, 31079.375539457495]
[0.6676228239612662, 0.43163402548020136, 0.0014974366516675541, 2.8279421561516196e-07]
[1, 1, 1, 1]
[0.7255664080186088, 0.5264466124450266, 0.42225022364249576, 0.25707206259720833]
[1.0, 1.0, 0.007290712443796217, 5.1566398578407166e-06]
[0.9332944593812945, 0.8754068367770311, 0.789687423142808, 0.6892259490306524]
[0.9859055697838133, 0.9365940685207743, 0.6159612332902368, 0.309518932368637]
[35, 61, 143, 196]
