[19037.784029304832, 36625.40725515646, 38175.41405567714, 243781.5997724966]
[1, 1, 0, 2]
[{0: 286, 1: 5, 2: 3}, {0: 570, 1: 6, 2: 3}, {0: 807, 1: 4, 2: 3}, {0: 3519, 1: 8, 2: 3}]
[1, 1, 1, 1]
[2272, 3888, 4560, 18272]
[16765.784029304832, 32737.407255156464, 33615.41405567714, 225509.5997724966]
[0.00013869071987063523, 4.484006587855384e-13, 1.7834827769604195e-29, 0.0]
[1, 1, 1, 1]
[0.3253644408394192, 0.1255322834371622, 0.04916675299948834, 2.7413930368349664e-06]
[0.0009291594680051477, 3.5817723832950084e-11, 1.4337562412035935e-26, 0.0]
[0.7526596881264137, 0.5733389591199083, 0.4384926298842014, 0.0428703407428869]
[0.6095206202194173, 0.17394076509740952, 0.057697868814142635, 3.909108024603474e-31]
[142, 243, 285, 1142]
