[4588.436267597584, 10600.173503521897, 20859.96910022215, 32284.559223921646]
[5, 5, 0, 0]
[{0: 64, 1: 1, 2: 1, 3: 4, 4: 5}, {0: 128, 1: 1, 6: 1, 7: 4, 8: 5}, {0: 204, 1: 4, 2: 2, 8: 2}, {0: 342, 1: 7, 2: 1, 12: 1}]
[1, 1, 1, 1]
[784, 1424, 2144, 2928]
[3804.436267597585, 9176.173503521897, 18715.96910022215, 29356.559223921646]
[0.5321601367711124, 0.264209056333995, 0.0015232112917203788, 2.967967714353914e-07]
[1, 1, 1, 1]
[0.6563549768288429, 0.4308018556079909, 0.42225022364249576, 0.25707206259720833]
[0.9047241315891246, 0.818525754279696, 0.007290712443796217, 5.1566398578407166e-06]
[0.9175547491935331, 0.8377055948310881, 0.7833919908382515, 0.6762478484398533]
[0.9766869720350262, 0.894430025758938, 0.6315986102716383, 0.3310789679853272]
[49, 89, 134, 183]
