[1591.170093118053, 2679.72503237809, 2925.0544847920205, 3414.147872015989, 5271.125570913847]
[0, 0, 0, 0, 0]
[{0: 11, 10: 1}, {0: 20, 19: 1}, {0: 39, 38: 1}, {0: 63, 62: 1}, {0: 127, 126: 1}]
[10, 19, 38, 62, 126]
[192, 288, 304, 336, 480]
[1399.170093118053, 2391.72503237809, 2621.0544847920205, 3078.147872015989, 4791.125570913847]
[0.8475304980666918, 0.7272100464737917, 0.5282184504180095, 0.34488169424948084, 0.08468294529163359]
[1, 1, 1, 1, 1]
[0.8955869907338782, 0.8224322824348484, 0.6797938283326576, 0.531750826943791, 0.27993842150940046]
[0.9950062500000001, 0.9950062500000001, 0.9950062500000001, 0.9950062500000001, 0.9950062500000001]
[0.9743224148844496, 0.9540649618417362, 0.9084203817511968, 0.8692973418545462, 0.7436772821951521]
[0.9761556134888318, 0.9314423188739588, 0.8596539657486237, 0.7498386273965485, 0.4088115162876236]
[12, 18, 19, 21, 30]
