[4793.420926270821, 11401.034102876378, 22921.797122455726, 34246.83714028646]
[5, 5, 2, 2]
[{0: 54, 1: 6, 2: 1, 3: 4, 4: 5}, {0: 118, 1: 6, 6: 1, 7: 4, 8: 5}, {0: 217, 1: 5, 2: 4, 8: 2, 9: 1}, {0: 353, 1: 6, 2: 4, 12: 1}]
[1, 1, 1, 1]
[816, 1568, 2416, 3120]
[3977.4209262708214, 9833.034102876378, 20505.797122455726, 31126.83714028646]
[0.5321033294573229, 0.26402771909174516, 0.0010432002509344295, 1.695077056470118e-07]
[1, 1, 1, 1]
[0.6563549768288429, 0.4308018556079909, 0.3877593341372178, 0.23965031961336]
[0.9047241315891246, 0.818525754279696, 0.005704723459517903, 3.3192347475942883e-06]
[0.918473222415949, 0.8444374977929303, 0.7818259902485664, 0.6892259490306522]
[0.9756061294216695, 0.8866905903795768, 0.6031991512664701, 0.30918032167702314]
[51, 98, 151, 195]
