[2683.4122284422374, 9984.515753271362, 25958.02504641568, 75691.89554758302, 175381.57297972954]
[0, 0, 0, 0, 0]
[{0: 1, 1: 10}, {0: 1, 1: 30}, {0: 1, 1: 62}, {0: 1, 1: 149}, {0: 1, 1: 299}]
[1, 1, 1, 1, 1]
[336, 960, 2000, 4752, 9584]
[2347.4122284422374, 9024.515753271362, 23958.02504641568, 70939.89554758302, 165797.57297972954]
[0.6888340353324417, 0.06345714550011522, 1.195979282638762e-05, 7.125738189740712e-29, 2.1046232886889096e-115]
[1, 1, 1, 1, 1]
[0.946354579813443, 0.8560822709551227, 0.7292124703704616, 0.47147873742168567, 0.22229219984074702]
[0.7593106293403962, 0.0974992003207742, 5.672890822208561e-05, 5.05140766456395e-25, 3.072705820552076e-98]
[0.9792086759647052, 0.9407945259609453, 0.8824417114557717, 0.7414484806367364, 0.5491961035890855]
[0.9789623218767526, 0.8081076046963764, 0.32762657066761747, 0.00040352862853908455, 5.610501949335987e-17]
[21, 60, 125, 297, 599]
