[10, 20, 100]
[665.7235324682418, 1970.7212715084947, 5862.226480196977]
[0, 0, 0]
[{0: 5, 2: 2}, {0: 17, 1: 3, 2: 2}, {0: 88, 1: 13, 2: 5, 3: 2, 4: 2, 7: 1}]
[2, 1, 1]
[96, 256, 576]
[569.7235324682418, 1714.7212715084947, 5286.226480196977]
[0.933846212182697, 0.8143933707991785, 0.2563195040931806]
[1, 1, 1]
[0.9511101304657719, 0.9046104802746174, 0.6057704364907278]
[1.0, 0.9511698752531667, 0.7785570395897228]
[0.986090636999001, 0.9714023696327188, 0.802430466860691]
[0.995698192938209, 0.9743508518539215, 0.6772916695960214]
[6, 16, 36]
[]
