[10, 20, 40, 60, 80, 100]
[657.1686564097648, 1841.016212988187, 2393.62634888352, 4086.5326977421932, 4878.313438579061, 5887.970502827686]
[0, 0, 0, 1, 1, 0]
[{0: 5, 2: 2}, {0: 16, 1: 2, 2: 3}, {0: 35, 1: 8, 2: 1, 3: 2}, {0: 63, 1: 22, 2: 9}, {0: 91, 1: 15, 2: 18, 3: 1}, {0: 86, 1: 11, 2: 5, 3: 1, 4: 4, 7: 1}]
[2, 1, 1, 2, 1, 1]
[96, 224, 272, 448, 528, 592]
[561.1686564097648, 1617.016212988187, 2121.62634888352, 3638.5326977421932, 4350.313438579061, 5295.970502827686]
[0.9366968117467985, 0.8133858663847768, 0.6519051699889953, 0.35913578908517096, 0.24392352090150404, 0.267118167098732]
[1, 1, 1, 1, 1, 1]
[0.9511101304657719, 0.9046104802746174, 0.8183201210226742, 0.6433260027715241, 0.6305556603555866, 0.6057704364907278]
[1.0, 0.9511698752531667, 0.9047241315891248, 0.7331623261970519, 0.5823543736512089, 0.7785570395897228]
[0.9890548353295386, 0.968491075759527, 0.9379749638258456, 0.8957848329039131, 0.8606433826830371, 0.8377055948310878]
[0.9957443803458814, 0.9760707454306681, 0.9387582671231537, 0.8500094131884909, 0.771826483263545, 0.676103991037481]
[6, 14, 17, 28, 33, 37]
[]
