[20, 30, 50, 100]
[16447.8808828816, 22950.266852002373, 40396.09398207075, 83896.11959283202]
[1760, 2304, 3376, 6032]
[14687.8808828816, 20646.266852002373, 37020.09398207075, 77864.11959283202]
[0.2842288745648053, 0.11276563428758409, 0.021710316594817435, 1.0449933998479211e-05]
[1, 1, 1, 1]
[0.5535075230322891, 0.36148093036717616, 0.2279338467536267, 0.049911691230058404]
[0.7331623261970517, 0.6153234205608362, 0.5216210791471958, 0.13365188996201627]
[0.8719104583701932, 0.8032337005612534, 0.7123616129911061, 0.49097810876680076]
[0.803290516860207, 0.6311695062603062, 0.2563313322981015, 0.003190612250694677]
[110, 144, 211, 377]
[0.0365293025970459, 0.05292081832885742, 0.08601188659667969, 0.19441699981689453]
