[10, 20, 30, 50, 100]
[2954.0049742601814, 5479.066147177747, 9070.498058164685, 13384.97019177764, 28867.37397400331]
[1, 2, 1, 1, 2]
[{0: 15, 1: 6, 2: 4}, {0: 23, 1: 8, 2: 6, 3: 1, 4: 2}, {0: 33, 1: 5, 2: 6, 3: 1, 4: 4, 9: 1}, {0: 87, 1: 23, 2: 2, 3: 4, 5: 4, 6: 1}, {0: 185, 1: 54, 2: 34, 3: 2, 4: 2, 6: 2}]
[2, 2, 2, 1, 2]
[384, 624, 896, 1216, 2224]
[2570.0049742601814, 4855.066147177747, 8174.498058164685, 12168.97019177764, 26643.37397400331]
[0.7971097190455776, 0.5877824386001167, 0.4192847503748644, 0.2003756848122649, 0.008550413423864147]
[1, 1, 1, 1, 1]
[0.8822202429488011, 0.7861544476842927, 0.736559652908221, 0.5398075216808176, 0.26096702811266836]
[0.9511698752531668, 0.8519730927255318, 0.7442566337890152, 0.6801227015798025, 0.31303119739921176]
[0.9684910757595268, 0.943622563728061, 0.9166371944443389, 0.8529285032149553, 0.728215246843347]
[0.9808156240819621, 0.9300033961247302, 0.8344127885947191, 0.6398912752518462, 0.14373220362023884]
[24, 39, 56, 76, 139]
[]
