[10, 20, 30, 40, 50, 60, 80, 100]
[4638.5282966195045, 8474.19232463699, 12746.759368419103, 13941.623689404038, 18538.15605065408, 19414.510985185618, 26101.756533694446, 31479.885048291064]
[2, 2, 2, 0, 4, 4, 2, 3]
[{0: 11, 1: 4, 2: 3, 3: 3}, {0: 17, 1: 9, 2: 5, 3: 3, 4: 2, 5: 1}, {0: 34, 1: 19, 2: 7, 3: 2, 4: 1, 5: 1, 8: 1}, {0: 44, 1: 17, 2: 4, 3: 7, 4: 1, 5: 1, 7: 1, 8: 1, 11: 1}, {0: 50, 1: 29, 2: 12, 3: 4, 4: 6, 5: 2}, {0: 70, 1: 29, 2: 15, 3: 2, 4: 3, 5: 1, 6: 4, 7: 1, 9: 1}, {0: 81, 1: 42, 2: 11, 3: 10, 4: 7, 5: 2, 7: 4}, {0: 109, 1: 51, 2: 26, 3: 10, 4: 2, 5: 3, 6: 1, 8: 4}]
[2, 2, 2, 2, 2, 2, 2, 2]
[512, 864, 1184, 1248, 1568, 1648, 1984, 2288]
[4126.5282966195045, 7610.19232463699, 11562.759368419103, 12693.623689404038, 16970.15605065408, 17766.510985185618, 24117.756533694446, 29191.885048291064]
[0.7430266028414967, 0.5497354820272641, 0.34334499435146854, 0.2568248142879563, 0.1368804837999381, 0.08774071080980737, 0.03328237310178795, 0.009929269877135145]
[1, 1, 1, 1, 1, 1, 1, 1]
[0.860384191914696, 0.7402609576967044, 0.6369088258938781, 0.5479862854900419, 0.4714787374216859, 0.4056528525015183, 0.30028896908517394, 0.22229219984074697]
[0.9276563692349433, 0.9047241315891247, 0.7982912927496736, 0.8185257542796961, 0.6869666497363819, 0.637268988079945, 0.6699844104191454, 0.6061510638947133]
[0.9598094405250764, 0.918473222415949, 0.8710385479118219, 0.8301963316171977, 0.7849611281333906, 0.7392263587988207, 0.6708567627695114, 0.6112518790281505]
[0.9699286611973594, 0.8936886669486303, 0.7752730469070517, 0.6896903262520546, 0.5383883021520504, 0.45914132729266555, 0.24659280813301254, 0.12055688342809488]
[32, 54, 74, 78, 98, 103, 124, 143]
[]
