[10, 20, 30, 50, 100]
[4620.402704288943, 8195.749801524065, 12294.971932005474, 16960.414073790518, 31492.314184205054]
[2, 2, 1, 4, 3]
[{0: 11, 1: 4, 2: 3, 3: 3}, {0: 16, 1: 8, 2: 3, 3: 3, 4: 1, 5: 2, 7: 1}, {0: 30, 1: 15, 2: 9, 3: 3, 4: 1, 6: 1, 8: 1}, {0: 48, 1: 24, 2: 11, 3: 5, 4: 7, 5: 3}, {0: 97, 1: 47, 2: 26, 3: 11, 4: 2, 5: 6, 6: 2, 8: 3}]
[2, 2, 2, 2, 2]
[528, 880, 1168, 1456, 2336]
[4092.4027042889434, 7315.749801524065, 11126.971932005474, 15504.414073790518, 29156.314184205054]
[0.7291784152220817, 0.5430520957473356, 0.3322509724163055, 0.13076984080526008, 0.008075035306776761]
[1, 1, 1, 1, 1]
[0.860384191914696, 0.7402609576967044, 0.6369088258938781, 0.4714787374216859, 0.22229219984074697]
[0.9276563692349433, 0.9047241315891247, 0.7982912927496736, 0.6869666497363819, 0.6061510638947133]
[0.9417362622231683, 0.9038873549665962, 0.8351949903256741, 0.7109376021267358, 0.4974057274803325]
[0.9701188822451672, 0.8970696509016609, 0.7824195989148364, 0.5679084678333628, 0.12048377119532258]
[33, 55, 73, 91, 146]
[]
