[6, 10, 20, 30, 40, 50, 60, 80, 100]
[2117.4575519282052, 3401.095095430558, 5418.606227931752, 11619.57255502347, 13644.975271150492, 18279.442051707232, 22256.94841688846, 30369.260743567404, 36010.65136230718]
[2, 5, 4, 2, 0, 0, 4, 0, 1]
[{0: 10, 1: 2, 2: 2}, {0: 5, 1: 1, 2: 2, 3: 3, 5: 1}, {0: 17, 1: 16, 2: 4, 3: 1, 4: 1}, {0: 35, 1: 14, 2: 1, 3: 7, 4: 1, 5: 1}, {0: 40, 1: 21, 2: 6, 3: 2, 4: 2, 6: 1, 10: 1}, {0: 57, 1: 25, 2: 7, 3: 2, 4: 2, 5: 1, 7: 2}, {0: 63, 1: 19, 2: 14, 3: 4, 4: 4, 9: 1, 13: 1}, {0: 98, 1: 29, 2: 6, 3: 9, 4: 3, 5: 3, 7: 1, 10: 1}, {0: 103, 1: 45, 2: 15, 3: 7, 4: 4, 5: 2, 6: 1, 7: 2, 9: 2}]
[1, 5, 2, 2, 2, 2, 2, 2, 2]
[272, 448, 592, 1136, 1296, 1600, 1856, 2400, 2736]
[1845.457551928205, 2953.095095430558, 4826.606227931752, 10483.57255502347, 12348.975271150492, 16679.442051707232, 20400.94841688846, 27969.260743567404, 33274.65136230718]
[0.8750293232710061, 0.8363589804715856, 0.6117527605422084, 0.42174749850529697, 0.30070072207393866, 0.16840810146870994, 0.11647139926673376, 0.036860901571800206, 0.008442162935070203]
[1, 1, 1, 1, 1, 1, 1, 1, 1]
[0.9275689688183282, 0.8822202429488012, 0.7783125570686418, 0.6866430931872001, 0.6057704364907279, 0.5344229416520513, 0.47147873742168583, 0.366957821726167, 0.2856078805640319]
[0.9704090817588193, 1.0, 0.9047241315891248, 0.8605463393821575, 0.8185257542796961, 0.686966649736382, 0.7405400022240314, 0.6699844104191455, 0.47192317785002885]
[0.9801888648295347, 0.9694605362958229, 0.9332944593812943, 0.9002772252562139, 0.8727832416118045, 0.8452827805735038, 0.8161953381180406, 0.767872106216295, 0.7088069214222252]
[0.9917718538027376, 0.9778800158469193, 0.9308657226985955, 0.7928133128455135, 0.6948445395707659, 0.5426754948091687, 0.4087093265842004, 0.1952523254903449, 0.08836581474108791]
[17, 28, 37, 71, 81, 100, 116, 150, 171]
[]
