[6, 10, 20, 30, 40, 50, 60, 80, 100]
[2117.4575519282052, 3170.9961636226344, 5882.9305871114375, 9458.54642689379, 11309.620021373385, 12955.953948420965, 17605.270588196414, 20632.47347863479, 26480.49748011451]
[2, 5, 4, 2, 0, 0, 4, 0, 1]
[{0: 10, 1: 2, 2: 2}, {0: 5, 1: 1, 2: 2, 3: 3, 5: 1}, {0: 17, 1: 16, 2: 4, 3: 1, 4: 1}, {0: 35, 1: 14, 2: 1, 3: 7, 4: 1, 5: 1}, {0: 40, 1: 22, 2: 5, 3: 2, 4: 1, 5: 1, 6: 1, 10: 1}, {0: 57, 1: 25, 2: 7, 3: 2, 4: 2, 5: 1, 7: 2}, {0: 63, 1: 19, 2: 14, 3: 4, 4: 4, 9: 1, 13: 1}, {0: 96, 1: 28, 2: 7, 3: 9, 4: 3, 5: 2, 6: 1, 7: 1, 10: 1}, {0: 103, 1: 45, 2: 15, 3: 7, 4: 4, 5: 2, 6: 1, 7: 2, 9: 2}]
[1, 5, 2, 2, 2, 2, 2, 2, 2]
[272, 416, 640, 912, 1040, 1120, 1408, 1632, 1984]
[1845.457551928205, 2754.9961636226344, 5242.9305871114375, 8546.54642689379, 10269.620021373385, 11835.953948420965, 16197.270588196412, 19000.47347863479, 24496.49748011451]
[0.8750293232710061, 0.8351620673906661, 0.6055607406403849, 0.4335882004955794, 0.3126729145302937, 0.1950077025248819, 0.13612198175985993, 0.05827325323899647, 0.015012056060488476]
[1, 1, 1, 1, 1, 1, 1, 1, 1]
[0.9275689688183282, 0.8822202429488012, 0.7783125570686418, 0.6866430931872001, 0.6057704364907279, 0.5344229416520513, 0.47147873742168583, 0.366957821726167, 0.2856078805640319]
[0.9704090817588193, 1.0, 0.9047241315891248, 0.8605463393821575, 0.8185257542796961, 0.686966649736382, 0.7405400022240314, 0.6699844104191455, 0.47192317785002885]
[0.9801888648295347, 0.9665550620990837, 0.9295668775782806, 0.8859803203984786, 0.8520755747117401, 0.8178301806491579, 0.7896874231428078, 0.7152181973314053, 0.658224553315579]
[0.9917718538027376, 0.9794158824346704, 0.9251387229857821, 0.8282244786252323, 0.7400681642608509, 0.6494831453765293, 0.49369918125405576, 0.3313979838976513, 0.16920944656968234]
[17, 26, 40, 57, 65, 70, 88, 102, 124]
[]
