[6, 10, 20, 30, 40, 50, 60, 80, 100]
[1462.1676609751116, 2453.5455597278824, 4771.073270143044, 8196.202147817117, 8760.512155484776, 10946.461119279174, 12805.667493229847, 15709.433059254627, 19535.870995669182]
[1, 3, 1, 0, 0, 1, 2, 1, 2]
[{0: 6, 2: 3}, {0: 10, 1: 4, 2: 3, 3: 1}, {0: 16, 1: 9, 2: 3, 3: 1, 4: 2}, {0: 30, 1: 11, 2: 2, 3: 1, 4: 3, 9: 1}, {0: 39, 1: 18, 2: 6, 3: 4, 4: 1}, {0: 43, 1: 20, 2: 4, 3: 2, 4: 1, 5: 4, 6: 1}, {0: 57, 1: 23, 2: 7, 3: 3, 4: 4, 5: 1, 8: 1}, {0: 75, 1: 30, 2: 11, 3: 3, 4: 3, 5: 1, 6: 1, 8: 1, 9: 1}, {0: 96, 1: 45, 2: 18, 3: 7, 4: 1, 5: 1, 6: 1}]
[2, 2, 2, 2, 2, 2, 2, 2, 2]
[208, 320, 528, 784, 832, 944, 1104, 1264, 1536]
[1254.1676609751116, 2133.5455597278824, 4243.073270143044, 7412.202147817117, 7928.5121554847765, 10002.461119279174, 11701.667493229847, 14445.433059254627, 17999.870995669182]
[0.9085837975176309, 0.8383697257004039, 0.6513686157512172, 0.49245473396986617, 0.37902194564742375, 0.2782828355329506, 0.19727384568273043, 0.09818573761796358, 0.04253173283143434]
[1, 1, 1, 1, 1, 1, 1, 1, 1]
[0.941622806914376, 0.9046104802746174, 0.818320121022674, 0.7402609576967045, 0.6696478204705641, 0.6057704364907279, 0.5479862854900421, 0.44842820346097706, 0.3669578217261671]
[0.9850934380853521, 0.9752793831785673, 0.9047241315891248, 0.8605463393821574, 0.818525754279696, 0.7785570395897228, 0.7405400022240315, 0.6699844104191456, 0.6061510638947133]
[0.9851045463620021, 0.9655885070369847, 0.9370369888620202, 0.9102399514140735, 0.8727832416118043, 0.8495219033622534, 0.8113103927077346, 0.7564343028582386, 0.7066826263699156]
[0.9943247951833621, 0.9841308379694426, 0.9389245413625054, 0.8492808219504315, 0.7922808330830795, 0.6945656936710531, 0.5991895893469678, 0.43203564069157735, 0.2705774763365718]
[13, 20, 33, 49, 52, 59, 69, 79, 96]
[]
