[6, 10, 20, 30, 40, 50, 60, 80, 100]
[1166.791365040096, 1799.5229250086588, 2995.223492553686, 4945.445637393055, 5931.881723493804, 6690.978839627699, 7961.491885439678, 10117.947305555497, 14168.71765883414]
[0, 0, 2, 1, 0, 3, 0, 0, 1]
[{0: 3, 1: 1, 2: 1, 3: 1}, {0: 7, 1: 3, 2: 3}, {0: 16, 1: 4, 2: 5, 5: 1}, {0: 25, 1: 7, 2: 3, 3: 2, 5: 1}, {0: 39, 1: 12, 2: 3, 3: 2, 5: 1}, {0: 46, 1: 15, 2: 3, 3: 2, 4: 2, 5: 1, 6: 1}, {0: 51, 1: 9, 2: 10, 3: 1, 4: 1, 7: 1, 9: 1}, {0: 64, 1: 10, 2: 10, 3: 7, 4: 4}, {0: 87, 1: 20, 2: 15, 3: 4, 4: 2, 5: 2, 6: 2}]
[3, 2, 2, 2, 2, 2, 2, 2, 2]
[160, 240, 384, 528, 608, 672, 752, 912, 1136]
[1006.791365040096, 1559.5229250086588, 2611.223492553686, 4417.445637393055, 5323.881723493804, 6018.978839627699, 7209.491885439678, 9205.947305555497, 13032.71765883414]
[0.9225080304216938, 0.8693746162306454, 0.7475618114166646, 0.6156952808328159, 0.4595537314692191, 0.3662463901754276, 0.33582459942409637, 0.2044921411095012, 0.07701159130707208]
[1, 1, 1, 1, 1, 1, 1, 1, 1]
[0.9558895783575599, 0.9275689688183277, 0.8603841919146961, 0.798065677681905, 0.7402609576967044, 0.6866430931872, 0.6369088258938781, 0.547986285490042, 0.47147873742168583]
[0.9850934380853521, 0.9752793831785673, 0.9511698752531668, 0.9276563692349433, 0.8185257542796962, 0.7785570395897228, 0.8605463393821575, 0.8185257542796961, 0.6061510638947132]
[0.98411944181564, 0.9723747443770958, 0.9502544225688343, 0.9175547491935327, 0.8877549425285931, 0.8554924148377158, 0.841906717767607, 0.7818259902485657, 0.6940698870404751]
[0.9954906627462184, 0.988321016164845, 0.9612950336623305, 0.9063753233663411, 0.8543306835941495, 0.8008214510943482, 0.7277747803775378, 0.583128785482958, 0.3882486115677664]
[10, 15, 24, 33, 38, 42, 47, 57, 71]
[]
