[280.379000772445, 1190.0067494263726, 3967.3616489692768, 12770.837249343707, 30736.40710221859, 116900.02155322615]
[1, 1, 1, 1, 8, 14]
[{0: 3, 2: 1}, {0: 7, 1: 2, 2: 2}, {0: 27, 1: 8, 2: 3, 3: 2}, {0: 50, 1: 16, 2: 9, 3: 3, 4: 2, 5: 3, 7: 1}, {0: 175, 1: 41, 2: 22, 3: 6, 4: 4, 5: 5, 8: 4, 9: 3}, {0: 844, 1: 105, 2: 48, 3: 40, 4: 40, 5: 27, 6: 3, 7: 6, 8: 6, 9: 4, 10: 6}]
[2, 2, 2, 2, 2, 1]
[48, 176, 480, 1248, 2640, 8640]
[232.379000772445, 1014.0067494263726, 3487.3616489692768, 11522.837249343707, 28096.40710221859, 108260.02155322615]
[0.9474457232319498, 0.8211333740066794, 0.6021899274778252, 0.24593993050694776, 0.010359918787412464, 1.41850047730784e-10]
[1, 1, 1, 1, 1, 1]
[0.985074875, 0.9558895783575597, 0.810157377815473, 0.5761543988830038, 0.21142436319205635, 0.0011171139913868891]
[0.9655631014067865, 0.8779525137804483, 0.8267624265950049, 0.6534219825328402, 0.20659972829679127, 0.002535219746041464]
[0.997002999, 0.9860906369990011, 0.9474065091141416, 0.8427494672348426, 0.6648431464805211, 0.16383350125341228]
[0.9990977289622917, 0.992243163553524, 0.9489580193224841, 0.7751717485984866, 0.35674046784093344, 0.00030571283587679376]
[3, 11, 30, 78, 165, 540]
[]
