[93.45966692414834, 991.6606029730924, 2130.807768214442, 4055.107019116237, 17553.746322755313, 87888.1665000101]
[0, 0, 0, 0, 2, 9]
[{0: 1}, {0: 7, 1: 4}, {0: 18, 1: 5}, {0: 24, 1: 7, 2: 3, 3: 1}, {0: 61, 1: 20, 2: 12, 3: 3, 4: 1, 5: 1, 8: 1}, {0: 128, 1: 69, 2: 32, 3: 20, 4: 11, 5: 7, 6: 8, 7: 7, 9: 1, 11: 1, 13: 1}]
[0, 1, 1, 2, 2, 3]
[16, 144, 288, 480, 1568, 6640]
[77.45966692414834, 847.6606029730924, 1842.8077682144424, 3575.107019116237, 15985.746322755313, 81248.1665000101]
[0.9862717957309541, 0.8854538305298556, 0.7359609207110785, 0.5585071458703728, 0.10450915657591198, 2.309052305455788e-06]
[1, 1, 1, 1, 1, 1]
[0.995, 0.9463545798134431, 0.9091562615825302, 0.8307187014821327, 0.5425201222922791, 0.06575561514114307]
[0.9925187343750002, 0.955943618699045, 0.856248986099868, 0.7669514308749937, 0.4101983902527057, 0.0290299817844376]
[0.999, 0.9851045463620023, 0.9723747443770956, 0.9502544225688345, 0.8444374977929306, 0.5029101620180708]
[0.9996991706039378, 0.9935676233141192, 0.9722601356953118, 0.922501295995008, 0.5561309047854164, 0.0024052695391548118]
[1, 9, 18, 30, 98, 415]
[]
