[10, 20, 30, 50, 100]
[3630.5377005272862, 6072.640421579898, 10755.71371637758, 17097.27797057745, 33945.02535545493]
[5, 4, 2, 0, 1]
[{0: 5, 1: 1, 2: 2, 3: 3, 5: 1}, {0: 16, 1: 13, 2: 5, 3: 2, 4: 1}, {0: 34, 1: 12, 2: 4, 3: 6, 4: 1, 5: 1}, {0: 55, 1: 23, 2: 9, 3: 2, 4: 2, 5: 1, 7: 2}, {0: 95, 1: 34, 2: 19, 3: 8, 4: 4, 5: 3, 6: 1, 7: 3, 9: 2}]
[5, 2, 2, 2, 2]
[480, 688, 1040, 1488, 2608]
[3150.5377005272862, 5384.640421579898, 9715.71371637758, 15609.277970577448, 31337.025355454924]
[0.8334261925465407, 0.6052217797695912, 0.4261898235841957, 0.17404893257937398, 0.00960599366574854]
[1, 1, 1, 1, 1]
[0.8822202429488012, 0.7783125570686418, 0.6866430931872001, 0.5344229416520513, 0.2856078805640319]
[1.0, 0.9047241315891248, 0.8605463393821575, 0.686966649736382, 0.47192317785002885]
[0.9675225846837672, 0.9314288037569909, 0.8939941590229387, 0.8393835224925512, 0.7003478640347485]
[0.9764027975014259, 0.922772562127258, 0.8067947747150608, 0.5647941341636868, 0.10176231855904258]
[30, 43, 65, 93, 163]
[]
