[10, 20, 30, 40, 50, 60, 80, 100]
[4911.7831097433245, 10893.973736950518, 15521.155544658488, 22260.461521662797, 27444.520766293044, 31409.70298260219, 41738.93443190924, 58597.96589141637]
[0, 1, 0, 3, 4, 1, 2, 3]
[{0: 10, 1: 9, 2: 3, 3: 2}, {0: 39, 1: 11, 2: 5, 3: 7, 5: 1}, {0: 84, 1: 21, 2: 5, 3: 6, 4: 3, 5: 1, 6: 1, 13: 1}, {0: 143, 1: 15, 2: 16, 3: 2, 4: 1, 5: 4, 6: 3}, {0: 168, 1: 35, 2: 17, 3: 13, 4: 10, 5: 8}, {0: 163, 1: 40, 2: 17, 3: 8, 4: 8, 5: 3, 6: 4}, {0: 283, 1: 46, 2: 18, 3: 15, 4: 3, 5: 7, 6: 3, 8: 1}, {0: 372, 1: 57, 2: 42, 3: 29, 4: 19, 5: 5, 6: 1, 8: 2}]
[2, 2, 2, 1, 2, 2, 1, 1]
[608, 1152, 1568, 2000, 2368, 2608, 3296, 4304]
[4303.7831097433245, 9741.973736950518, 13953.155544658488, 20260.461521662797, 25076.520766293044, 28801.70298260219, 38442.93443190924, 54293.96589141637]
[0.7387161943129771, 0.45249980882596047, 0.20296259240888134, 0.08953970632309662, 0.02184708274641134, 0.021642155353520008, 0.0033254175500036552, 4.345549326987271e-05]
[1, 1, 1, 1, 1, 1, 1, 1]
[0.8390886103705792, 0.6763948591909945, 0.4883155414435354, 0.3781618071286899, 0.212486797177946, 0.2360735086368405, 0.14157986400593744, 0.045377526607981486]
[0.9511698752531667, 0.8519730927255319, 0.6633096488824904, 0.5321718502770565, 0.3391366165106918, 0.4444071240318658, 0.3494779911746324, 0.08909751893838476]
[0.9559759577813408, 0.9075119613694459, 0.8546369224228785, 0.8072619457390751, 0.7609888362515712, 0.7318672718448666, 0.6394008908411917, 0.574487359351253]
[0.9681992377423355, 0.8652465274939614, 0.7331916130895474, 0.5511522975717277, 0.39839009706963885, 0.2818641985119208, 0.1051118369436919, 0.01870931022125554]
[38, 72, 98, 125, 148, 163, 206, 269]
[]
