[6, 10, 20, 30, 40, 50, 60, 80, 100]
[2226.6954454917113, 4188.918375758785, 6248.826155779726, 11640.761980032281, 14799.911793937154, 18491.116272665677, 23790.96507683281, 30899.67502640994, 38440.30646759988]
[2, 4, 4, 1, 1, 0, 3, 0, 1]
[{0: 15, 1: 4, 2: 2}, {0: 18, 1: 4, 2: 4, 3: 3}, {0: 45, 1: 18, 2: 6, 3: 1}, {0: 84, 1: 11, 2: 3, 3: 6, 4: 1, 5: 1}, {0: 101, 1: 39, 2: 9, 3: 5, 4: 1, 5: 4, 10: 1}, {0: 127, 1: 19, 2: 12, 3: 4, 4: 2, 5: 1, 7: 1}, {0: 170, 1: 22, 2: 17, 3: 4, 4: 2, 10: 2}, {0: 241, 1: 25, 2: 12, 3: 10, 4: 1, 5: 3, 8: 2}, {0: 271, 1: 65, 2: 17, 3: 13, 4: 6, 5: 6, 7: 1}]
[1, 2, 2, 1, 2, 1, 1, 1, 1]
[288, 528, 720, 1168, 1392, 1632, 1984, 2464, 2960]
[1938.6954454917113, 3660.9183757587853, 5528.826155779726, 10472.761980032281, 13407.911793937154, 16859.116272665677, 21806.96507683281, 28435.67502640994, 35480.30646759988]
[0.8219996265147602, 0.7489375308797669, 0.49027218005204687, 0.30814609446634045, 0.10505488432508157, 0.09875269865002778, 0.05760743618786541, 0.015172271106909862, 0.001486191933524494]
[1, 1, 1, 1, 1, 1, 1, 1, 1]
[0.9091562615825305, 0.8390886103705792, 0.7147372386831303, 0.6027415843082743, 0.41179900411277676, 0.43080185560799117, 0.35608578229632987, 0.26096702811266836, 0.15035730121053845]
[0.9323121027982922, 0.9511698752531668, 0.8063243494447919, 0.7258581507283078, 0.44218786595623166, 0.5164243965652504, 0.5375269965546723, 0.4227066687270084, 0.19948507440404914]
[0.9782294672887406, 0.9646229185299476, 0.9240034012385752, 0.888643586114708, 0.8563487636013175, 0.8235779600286186, 0.7833919908382513, 0.7245814454830865, 0.6615255725344756]
[0.9913591583352396, 0.9727967369012759, 0.9206774278223867, 0.7925855382730527, 0.6737107247588296, 0.538964227355208, 0.3841886281004518, 0.18981854769624407, 0.07490198608650986]
[18, 33, 45, 73, 87, 102, 124, 154, 185]
[]
