[10, 20, 30, 40, 50, 60, 80, 100]
[4942.104094010933, 10067.58148358093, 13992.709868035936, 17935.797227810603, 23579.853010359206, 26284.308205671023, 38196.332240045784, 45023.847768251835]
[1, 2, 1, 0, 4, 2, 1, 3]
[{0: 18, 1: 4, 2: 2, 3: 4}, {0: 52, 1: 13, 2: 9, 3: 3, 4: 2, 5: 2}, {0: 56, 1: 24, 2: 6, 3: 2, 4: 4}, {0: 106, 1: 22, 2: 8, 3: 13, 4: 1, 5: 1, 11: 1}, {0: 136, 1: 38, 2: 9, 3: 8, 4: 3, 5: 6}, {0: 178, 1: 47, 2: 16, 3: 12, 4: 5, 6: 2, 7: 2}, {0: 222, 1: 54, 2: 14, 3: 15, 4: 9, 5: 3, 7: 1}, {0: 320, 1: 53, 2: 26, 3: 13, 4: 2, 5: 9, 8: 1, 9: 2}]
[2, 2, 2, 2, 2, 2, 2, 1]
[560, 1072, 1360, 1696, 2064, 2352, 2992, 3376]
[4382.104094010933, 8995.58148358093, 12632.709868035936, 16239.7972278106, 21515.853010359206, 23932.308205671023, 35204.332240045784, 41647.847768251835]
[0.705293398938506, 0.3572532442802101, 0.29010596984498443, 0.12630369431711805, 0.054614273952667804, 0.020147333923322405, 0.005324788348081023, 0.0008826628776654983]
[1, 1, 1, 1, 1, 1, 1, 1]
[0.8433051360508333, 0.6274028820538087, 0.5937455908197753, 0.4265046070983014, 0.3420891339682017, 0.2337186753881881, 0.17043057265153258, 0.11643985070121858]
[0.9002061654570018, 0.7150381012632241, 0.7368419305879254, 0.5765526318293088, 0.44663752014810537, 0.33241293726930243, 0.35476633755056275, 0.25751003771510594]
[0.9598094405250763, 0.9102399514140738, 0.8771602801771061, 0.8293661352855802, 0.7873207291459621, 0.7466594429963722, 0.6906064713669149, 0.6167807534338788]
[0.9679614767933651, 0.8748721559553695, 0.7559672457023666, 0.6193085412505576, 0.4540043304755324, 0.3473151185055476, 0.12752102607627416, 0.04772745163666434]
[35, 67, 85, 106, 129, 147, 187, 211]
[]
