[6, 10, 20, 30, 40, 50, 60, 80, 100]
[2234.9072671930076, 3830.471732488373, 5774.584009498262, 10185.041895384336, 11678.979522689908, 14202.41463253744, 17481.373211051323, 22050.0793248739, 27339.54956827094]
[2, 4, 5, 1, 0, 0, 3, 0, 1]
[{0: 11, 1: 6, 2: 2}, {0: 12, 1: 7, 2: 4, 3: 3}, {0: 46, 1: 16, 2: 9, 3: 2}, {0: 58, 1: 13, 2: 1, 3: 7, 4: 2, 5: 1}, {0: 39, 1: 17, 2: 7, 3: 2, 4: 2, 5: 1, 6: 1, 10: 1}, {0: 56, 1: 22, 2: 8, 3: 3, 4: 2, 5: 1, 7: 2}, {0: 164, 1: 22, 2: 19, 3: 4, 4: 2, 10: 2}, {0: 95, 1: 26, 2: 9, 3: 9, 4: 3, 5: 3, 7: 1, 10: 1}, {0: 173, 1: 39, 2: 19, 3: 10, 4: 4, 5: 3, 6: 3, 7: 1, 9: 1}]
[2, 2, 2, 1, 2, 2, 1, 2, 2]
[288, 496, 672, 976, 1056, 1216, 1488, 1680, 2080]
[1946.9072671930076, 3334.471732488373, 5102.584009498262, 9209.041895384336, 10622.979522689908, 12986.41463253744, 15993.373211051321, 20370.0793248739, 25259.54956827094]
[0.8219725873461974, 0.7477676535081809, 0.4411070283193387, 0.3636941789468045, 0.30989148032323416, 0.18737127464584463, 0.07109510299803651, 0.05467061773798716, 0.0082896916643981]
[1, 1, 1, 1, 1, 1, 1, 1, 1]
[0.9091562615825305, 0.8390886103705792, 0.7040696960536298, 0.6433260027715241, 0.6057704364907279, 0.5344229416520513, 0.35608578229632987, 0.366957821726167, 0.2313873316011909]
[0.9323121027982922, 0.9511698752531668, 0.7405400022240314, 0.7903382658836327, 0.8185257542796961, 0.686966649736382, 0.5375269965546723, 0.6699844104191455, 0.3529947231524195]
[0.9782294672887406, 0.9607702107358121, 0.9129761418240966, 0.8762831198969288, 0.8529285032149551, 0.8194682977764132, 0.74815500485107, 0.7245814454830862, 0.635574063731076]
[0.9913265481897797, 0.9751720213589544, 0.9266599082933559, 0.8162962265152124, 0.7327512793620403, 0.6228021558254121, 0.49647020224661437, 0.3068922532160271, 0.15968510928901408]
[18, 31, 42, 61, 66, 76, 93, 105, 130]
[]
