[10, 20, 30, 50, 100]
[4448.353411172398, 8665.122714805602, 12783.545744102048, 20044.171986600053, 36552.91936044516]
[0, 1, 0, 4, 3]
[{0: 10, 1: 9, 2: 3, 3: 2}, {0: 22, 1: 7, 2: 8, 3: 8}, {0: 28, 1: 17, 2: 3, 3: 6, 4: 3, 5: 1, 7: 2}, {0: 43, 1: 19, 2: 10, 3: 6, 4: 5, 5: 5, 7: 1, 9: 1, 15: 1}, {0: 109, 1: 43, 2: 21, 3: 15, 4: 5, 5: 7, 6: 3, 7: 2, 8: 2, 9: 2}]
[2, 3, 2, 3, 2]
[560, 928, 1312, 1712, 2656]
[3888.3534111723984, 7737.122714805603, 11471.545744102048, 18332.171986600053, 33896.91936044516]
[0.7307490035296252, 0.4903122218825916, 0.3241145249696084, 0.11222444504657814, 0.002961154949119636]
[1, 1, 1, 1, 1]
[0.8390886103705792, 0.7040696960536299, 0.5907768628656764, 0.41594808627335367, 0.1730128104744653]
[0.9511698752531667, 0.9047241315891249, 0.8605463393821574, 0.7785570395897229, 0.47192317785002874]
[0.9426789411643326, 0.8632304853107436, 0.8227543820685893, 0.6769247732130667, 0.4246761988291755]
[0.9712667314303065, 0.8916904659688684, 0.7748730388327235, 0.5119381467835371, 0.08539916873545983]
[35, 58, 82, 107, 166]
[]
