[991.6606029730924, 2130.807768214442, 4033.693562143743, 16850.46986011856, 82881.1921900681]
[0, 0, 0, 2, 8]
[{0: 7, 1: 4}, {0: 18, 1: 5}, {0: 24, 1: 7, 2: 3, 3: 1}, {0: 61, 1: 17, 2: 12, 3: 2, 4: 3, 5: 1, 8: 1}, {0: 126, 1: 65, 2: 37, 3: 20, 4: 10, 5: 10, 6: 3, 7: 6, 8: 1, 9: 1, 10: 1, 14: 2}]
[1, 1, 2, 2, 3]
[144, 288, 480, 1488, 6272]
[847.6606029730924, 1842.8077682144424, 3553.693562143743, 15362.469860118557, 76609.1921900681]
[0.8854538305298556, 0.7359609207110785, 0.5581942538937853, 0.10669979056205364, 3.1744819958317722e-06]
[1, 1, 1, 1, 1]
[0.9463545798134431, 0.9091562615825302, 0.8307187014821327, 0.5425201222922791, 0.06575561514114307]
[0.955943618699045, 0.856248986099868, 0.7669514308749937, 0.4101983902527057, 0.0290299817844376]
[0.9851045463620023, 0.9723747443770956, 0.9493041681462656, 0.8419067177676078, 0.48511866824424066]
[0.9935676233141192, 0.9722601356953118, 0.9229073912809423, 0.5694948346869793, 0.0034280351995095108]
[9, 18, 30, 93, 392]
[]
