[412.1963637961553, 3123.1520695835457, 15074.43586281375, 32472.96326812849, 100129.0265936331]
[64, 416, 1728, 3360, 9024]
[348.1963637961553, 2707.1520695835457, 13346.43586281375, 29112.96326812849, 91105.0265936331]
[0.9691074762729694, 0.7970130817584676, 0.3050163090733114, 0.0411271626076935, 6.907843120672287e-06]
[1, 1, 1, 1, 1]
[0.9801495006250001, 0.8955869907338783, 0.5704072587541458, 0.2743815040481898, 0.014471156162198705]
[0.9950062500000001, 0.9369912026163576, 0.7479919184316833, 0.3824329237809744, 0.037662115422286216]
[0.995009990004999, 0.9694605362958226, 0.8736568985103148, 0.7534131012276425, 0.3967446880864646]
[0.9986800426937623, 0.9796975568122012, 0.8182767316335707, 0.5202181186369063, 0.03194650886338031]
[4, 26, 108, 210, 564]
[0.48865628242492676, 0.01640152931213379, 0.037282705307006836, 0.07555627822875977, 0.2468559741973877]
