[5, 10, 20, 30, 50]
[80, 512, 1584, 3488, 9104]
[762.4944873744541, 5589.363906099557, 17183.730881389944, 39382.75101856368, 121904.95110050328]
[0.971516536712842, 0.8434118179027686, 0.45372186330986874, 0.1441283648927511, 0.0007115231807761995]
[1, 1, 1, 1, 1]
[0.9801495006250001, 0.8955869907338782, 0.6242658676435396, 0.3632974174544487, 0.04819076839980127]
[1.0, 1.0, 1.0, 1.0, 1.0]
[0.993020965034979, 0.9665550620990836, 0.8762831198969286, 0.7579494437963874, 0.4473552451143806]
[0.9981583790236777, 0.9743282750430545, 0.8294222299230389, 0.5234158990521541, 0.033004462830537616]
[5, 32, 99, 218, 569]
