[412.1963637961553, 2749.8235458728, 13347.101421525293, 26103.500215561235, 78937.84242108301]
[64, 336, 1472, 2640, 6864]
[348.1963637961553, 2413.8235458728, 11875.101421525293, 23463.500215561235, 72073.84242108301]
[0.9691074762729694, 0.795845832978153, 0.30728607088016974, 0.0446158470071863, 1.2071209777781829e-05]
[1, 1, 1, 1, 1]
[0.9801495006250001, 0.8955869907338783, 0.5704072587541458, 0.2743815040481898, 0.014471156162198705]
[0.9950062500000001, 0.9369912026163576, 0.7479919184316833, 0.3824329237809744, 0.037662115422286216]
[0.995009990004999, 0.9655885070369844, 0.859782739300355, 0.7173681503955092, 0.32642343068557544]
[0.9986800426937623, 0.9821856145907623, 0.83766853609911, 0.5927027537897308, 0.0678518248416828]
[4, 21, 92, 165, 429]
[0.23430562019348145, 0.016015052795410156, 0.05176091194152832, 0.11952066421508789, 0.46674633026123047]
