[10, 20, 30, 50, 100]
[4371.762020813112, 6576.3879220347435, 11666.497760576924, 18392.7401270748, 36897.52546211688]
[4, 5, 2, 0, 1]
[{0: 12, 1: 7, 2: 4, 3: 3}, {0: 46, 1: 16, 2: 9, 3: 2}, {0: 80, 1: 12, 2: 2, 3: 6, 4: 1, 5: 2}, {0: 56, 1: 22, 2: 8, 3: 3, 4: 2, 5: 1, 7: 2}, {0: 168, 1: 38, 2: 18, 3: 8, 4: 4, 5: 3, 6: 5, 7: 1, 13: 1}]
[2, 2, 1, 2, 2]
[560, 768, 1168, 1616, 2864]
[3811.7620208131125, 5808.3879220347435, 10498.497760576924, 16776.7401270748, 34033.52546211688]
[0.7480225898031206, 0.44073818893830424, 0.30798629318524734, 0.16776547275838619, 0.004683652675782776]
[1, 1, 1, 1, 1]
[0.8390886103705792, 0.7040696960536298, 0.6027415843082743, 0.5344229416520513, 0.2313873316011909]
[0.9511698752531668, 0.7405400022240314, 0.7258581507283078, 0.686966649736382, 0.3529947231524195]
[0.9646229185299475, 0.9221563184394992, 0.888643586114708, 0.8452827805735038, 0.6892259490306529]
[0.971608317764672, 0.916667768615025, 0.7921745118584188, 0.5406046986282717, 0.08319845675956274]
[35, 48, 73, 101, 179]
[]
