[10, 20, 30, 50, 100]
[6720.807860989859, 11934.719518857552, 19418.96463298266, 31325.504273562754, 65255.696235164025]
[4, 5, 2, 2, 4]
[{0: 12, 1: 12, 2: 7, 3: 3}, {0: 61, 1: 21, 2: 9, 3: 5, 4: 2}, {0: 70, 1: 21, 2: 8, 3: 4, 4: 1, 5: 3, 12: 2}, {0: 136, 1: 12, 2: 9, 3: 7, 4: 5, 5: 3, 6: 1, 8: 1, 9: 1, 10: 2, 11: 1, 12: 2}, {0: 328, 1: 71, 2: 38, 3: 14, 4: 13, 5: 4, 6: 6}]
[2, 2, 2, 1, 2]
[800, 1360, 1872, 2816, 4800]
[5920.807860989859, 10574.719518857552, 17546.96463298266, 28509.504273562754, 60455.696235164025]
[0.6375665625764902, 0.33851983210740116, 0.1853577085159686, 0.03998916474528107, 9.096117400202102e-05]
[1, 1, 1, 1, 1]
[0.7783125570686419, 0.5878229785513479, 0.4932355662165456, 0.28993519966087034, 0.06878996970981363]
[0.9047241315891248, 0.7631214671670616, 0.6567013850745563, 0.5268700549787186, 0.20556802090360907]
[0.9464591026050271, 0.8842092457380022, 0.8444374977929303, 0.7496535623221513, 0.5459091539334197]
[0.956650864223427, 0.8534711304153981, 0.6776740010134135, 0.3492024354729387, 0.011782976385496982]
[50, 85, 117, 176, 300]
[]
