[10, 20, 40, 60, 80, 100]
[657.1686564097648, 2005.9487893214628, 2757.1813384245193, 4718.0611170391, 5074.580674567572, 7575.099508194252]
[0, 0, 0, 1, 0, 0]
[{0: 5, 2: 2}, {0: 17, 1: 3, 2: 2}, {0: 36, 1: 9, 3: 2}, {0: 65, 1: 21, 2: 9}, {0: 69, 1: 17, 2: 5, 3: 1}, {0: 90, 1: 17, 2: 3, 3: 1, 4: 2, 7: 1}]
[2, 1, 1, 2, 1, 1]
[96, 256, 320, 528, 560, 752]
[561.1686564097648, 1749.9487893214628, 2437.1813384245193, 4190.0611170391, 4514.580674567572, 6823.099508194252]
[0.9366968117467985, 0.8140104383021933, 0.6468842835102193, 0.3546860271177513, 0.37042206423229435, 0.2438336244537381]
[1, 1, 1, 1, 1, 1]
[0.9511101304657719, 0.9046104802746174, 0.8183201210226742, 0.6433260027715241, 0.6696478204705641, 0.6057704364907278]
[1.0, 0.9511698752531667, 0.9047241315891248, 0.7331623261970519, 0.8185257542796961, 0.7785570395897228]
[0.9890548353295386, 0.9714023696327188, 0.9398537314349842, 0.9075119613694459, 0.8850943400780793, 0.8563487636013173]
[0.9957443803458814, 0.9738927064195181, 0.9296659518092509, 0.8286296625171842, 0.7635341666497082, 0.6037322962738664]
[6, 16, 20, 33, 35, 47]
[]
