[20, 30, 50, 100]
[13057.1156695003, 18794.265685414844, 30179.291949288363, 58224.82027965242]
[1360, 1792, 2496, 4112]
[11697.1156695003, 17002.265685414844, 27683.291949288363, 54112.82027965242]
[0.36135496633485265, 0.2251170175811868, 0.048229778827981934, 0.00025763125915199823]
[1, 1, 1, 1]
[0.6057704364907278, 0.4714787374216858, 0.28560788056403197, 0.08157186144027832]
[0.818525754279696, 0.8605463393821574, 0.686966649736382, 0.36741911226069274]
[0.8666920568517115, 0.8080700157548307, 0.6762478484398541, 0.44646098197939815]
[0.8408698644812148, 0.6866302946946352, 0.3634992622247663, 0.019253643651379656]
[85, 112, 156, 257]
[0.04794049263000488, 0.076751708984375, 0.16727662086486816, 0.46924614906311035]
