[10, 20, 30, 40, 50, 60, 80, 100]
[6425.919200680536, 11665.90540998103, 20222.614580688816, 23654.448021915985, 30025.576837502165, 39499.784754321394, 52745.09292488209, 64012.0398421667]
[4, 5, 1, 2, 2, 2, 1, 4]
[{0: 20, 1: 8, 2: 7, 3: 3}, {0: 76, 1: 15, 2: 8, 3: 5, 4: 2}, {0: 89, 1: 30, 2: 9, 3: 3, 4: 1, 5: 3, 6: 1, 12: 2}, {0: 144, 1: 30, 2: 14, 3: 6, 4: 4, 6: 1, 8: 2, 9: 2}, {0: 208, 1: 30, 2: 13, 3: 5, 4: 10, 5: 2, 8: 1}, {0: 240, 1: 42, 2: 12, 3: 16, 4: 11, 5: 4, 9: 1}, {0: 285, 1: 38, 2: 27, 3: 20, 4: 13, 5: 4, 6: 1, 7: 7, 8: 3}, {0: 444, 1: 89, 2: 41, 3: 17, 4: 18, 5: 6, 6: 5}]
[2, 1, 2, 1, 1, 1, 1, 1]
[752, 1312, 2016, 2144, 2640, 3344, 4000, 4864]
[5673.919200680536, 10353.90540998103, 18206.614580688816, 21510.448021915985, 27385.576837502165, 36155.784754321394, 48745.09292488209, 59148.0398421667]
[0.6388266565738844, 0.33974490209918295, 0.13329490112791362, 0.06842811462791101, 0.031742284393694364, 0.00797073885787521, 0.00052351834764131, 2.119533081713817e-05]
[1, 1, 1, 1, 1, 1, 1, 1]
[0.7783125570686419, 0.5878229785513479, 0.422250223642496, 0.3173112652388394, 0.2596621929721051, 0.17214774642209305, 0.08364210790237682, 0.034965602727500496]
[0.9047241315891248, 0.7631214671670616, 0.5679582143258921, 0.5190162338832044, 0.4579585376781507, 0.334081255539151, 0.17778863990315213, 0.08999409068797905]
[0.9464591026050272, 0.8842092457380021, 0.833525435540013, 0.7826085988474135, 0.7311354045730222, 0.6844158170335674, 0.613703011309519, 0.5239687596143534]
[0.9585416001596692, 0.8565597585297837, 0.6668196763111233, 0.5309132034489319, 0.36509466188304324, 0.20250003014506052, 0.05736469329503484, 0.012855228287827945]
[47, 82, 126, 134, 165, 209, 250, 304]
[]
