[93.45966692414834, 991.6606029730924, 2001.5266852229267, 3920.719071641725, 15113.189365799866, 70995.58090058727]
[0, 0, 0, 0, 2, 9]
[{0: 1}, {0: 7, 1: 4}, {0: 18, 1: 5}, {0: 24, 1: 7, 2: 3, 3: 1}, {0: 121, 1: 13, 2: 11, 3: 4, 4: 2, 5: 2, 8: 2}, {0: 506, 1: 81, 2: 50, 3: 20, 4: 7, 5: 6, 6: 8, 7: 8, 8: 2, 9: 2, 12: 1}]
[0, 1, 1, 2, 1, 1]
[16, 144, 272, 464, 1328, 5280]
[77.45966692414834, 847.6606029730924, 1729.5266852229267, 3456.719071641725, 13785.189365799866, 65715.58090058727]
[0.9862717957309541, 0.8854538305298556, 0.7365029935661038, 0.5589067678464381, 0.06609358625649395, 1.6054028125562353e-07]
[1, 1, 1, 1, 1, 1]
[0.995, 0.9463545798134431, 0.9091562615825302, 0.8307187014821327, 0.45068161151856984, 0.019646957452883834]
[0.9925187343750002, 0.955943618699045, 0.856248986099868, 0.7669514308749937, 0.29924017560749755, 0.00291670807962694]
[0.999, 0.9851045463620023, 0.9714023696327185, 0.9483548639781195, 0.811310392707735, 0.35327081074379457]
[0.9996991706039378, 0.9935676233141192, 0.973950205211688, 0.925010458282636, 0.6040634221790799, 0.00793027038798002]
[1, 9, 17, 29, 83, 330]
[]
