[10, 20, 30, 50, 100]
[2244.440485308848, 3562.5347907803803, 5732.923470677413, 8313.806241186368, 19476.72943621889]
[1, 2, 1, 2, 1]
[{0: 11, 1: 2, 2: 5}, {0: 41, 1: 5, 2: 4, 5: 2}, {0: 46, 1: 7, 2: 4, 3: 1, 5: 2}, {0: 85, 1: 22, 2: 4, 3: 1, 4: 2, 5: 1}, {0: 175, 1: 22, 2: 14, 3: 2, 4: 2, 5: 4, 6: 2}]
[2, 1, 1, 1, 1]
[304, 464, 624, 880, 1632]
[1940.440485308848, 3098.5347907803803, 5108.923470677413, 7433.806241186368, 17844.72943621889]
[0.8285860792908805, 0.607261627496345, 0.5293628331026451, 0.2774013873906359, 0.03627237609418229]
[1, 1, 1, 1, 1]
[0.9183164683543649, 0.8142285204175608, 0.7477194593032543, 0.6118738784280479, 0.37627099809304665]
[0.9369912026163577, 0.822633781727196, 0.8519730927255319, 0.6801227015798024, 0.46025694580124543]
[0.977251237821452, 0.9502544225688346, 0.931428803756991, 0.878917235731333, 0.7717230117583412]
[0.9853794875945426, 0.9540762589708441, 0.8921527524306628, 0.758422944726977, 0.271402259315569]
[19, 29, 39, 55, 102]
[]
