[93.45966692414834, 991.6606029730924, 2001.5266852229267, 3920.719071641725, 14474.963164015147, 63394.16687507621]
[0, 0, 0, 0, 2, 8]
[{0: 1}, {0: 7, 1: 4}, {0: 18, 1: 5}, {0: 24, 1: 7, 2: 3, 3: 1}, {0: 61, 1: 18, 2: 10, 3: 3, 4: 3, 5: 1, 8: 1}, {0: 128, 1: 70, 2: 34, 3: 20, 4: 6, 5: 10, 6: 4, 7: 7, 8: 4, 11: 1, 13: 1}]
[0, 1, 1, 2, 2, 3]
[16, 144, 272, 464, 1280, 4720]
[77.45966692414834, 847.6606029730924, 1729.5266852229267, 3456.719071641725, 13194.963164015147, 58674.16687507621]
[0.9862717957309541, 0.8854538305298556, 0.7365029935661038, 0.5589067678464381, 0.11354738033076676, 1.0585808455997402e-05]
[1, 1, 1, 1, 1, 1]
[0.995, 0.9463545798134431, 0.9091562615825302, 0.8307187014821327, 0.5425201222922791, 0.06575561514114307]
[0.9925187343750002, 0.955943618699045, 0.856248986099868, 0.7669514308749937, 0.4101983902527057, 0.0290299817844376]
[0.999, 0.9851045463620023, 0.9714023696327185, 0.9483548639781195, 0.826880524148764, 0.4121189344034081]
[0.9996991706039378, 0.9935676233141192, 0.973950205211688, 0.925010458282636, 0.6170559627475692, 0.013456182076139621]
[1, 9, 17, 29, 80, 295]
[]
