[10, 20, 30, 50, 100]
[4942.104094010933, 9865.294453956654, 14203.812674057519, 24159.77394610122, 45086.81084657638]
[1, 2, 1, 4, 3]
[{0: 18, 1: 4, 2: 2, 3: 4}, {0: 38, 1: 14, 2: 4, 3: 4, 4: 1, 5: 2}, {0: 52, 1: 21, 2: 8, 3: 3, 4: 4}, {0: 123, 1: 33, 2: 10, 3: 5, 4: 4, 5: 6}, {0: 220, 1: 42, 2: 34, 3: 13, 4: 4, 5: 6, 6: 2, 8: 3}]
[2, 2, 2, 2, 2]
[560, 1072, 1392, 2128, 3408]
[4382.104094010933, 8793.294453956654, 12811.812674057519, 22031.77394610122, 41678.81084657638]
[0.705293398938506, 0.4402942192261733, 0.28887219394545244, 0.06886040350962491, 0.0015058508055474748]
[1, 1, 1, 1, 1]
[0.8433051360508333, 0.6763948591909944, 0.5937455908197753, 0.37816180712869013, 0.14444721332374086]
[0.9002061654570018, 0.8103711403267987, 0.7368419305879254, 0.5190162338832044, 0.34254928516004823]
[0.9598094405250763, 0.9157205572498952, 0.8771602801771061, 0.7881088379839455, 0.6406816133863509]
[0.9679614767933651, 0.8771942077578011, 0.7527522337221528, 0.4451688409434152, 0.04750151396386796]
[35, 67, 87, 133, 213]
[]
