[276.7742284358963, 1172.6690867663335, 4068.612655127974, 13387.30878236415, 26449.281401716755, 106426.6178611297]
[0, 0, 2, 1, 5, 25]
[{0: 1, 1: 1}, {0: 5, 1: 3, 2: 1}, {0: 19, 1: 6, 2: 2, 3: 1, 4: 1}, {0: 26, 1: 21, 2: 9, 3: 4, 4: 1, 5: 1, 7: 1}, {0: 50, 1: 33, 2: 25, 3: 7, 4: 4, 5: 3, 6: 1, 8: 3, 9: 1}, {0: 122, 1: 94, 2: 59, 3: 37, 4: 35, 5: 17, 6: 7, 7: 8, 8: 4, 9: 4, 10: 2, 11: 1, 12: 3}]
[1, 2, 2, 2, 3, 4]
[48, 176, 448, 1280, 2336, 7712]
[228.7742284358963, 996.6690867663335, 3620.612655127974, 12107.30878236415, 24113.281401716755, 98714.6178611297]
[0.9714786116348081, 0.8633931148986356, 0.6660564049209694, 0.2870772972211234, 0.04343682247742634, 9.932349650307072e-08]
[1, 1, 1, 1, 1, 1]
[0.990025, 0.960693043575437, 0.8433051360508333, 0.6180388156137951, 0.3157247089126453, 0.007850893410826707]
[0.9850934380853521, 0.9184145347141541, 0.8779525137804479, 0.7079144895174394, 0.48388511639810067, 0.08909751893838479]
[0.997002999, 0.9860906369990011, 0.9493041681462658, 0.8572059695708885, 0.6892259490306528, 0.21920256857041331]
[0.9991097362537346, 0.9923579464935168, 0.9476541070713547, 0.7654504961252298, 0.41252055396363335, 0.0006477712505210306]
[3, 11, 28, 80, 146, 482]
[]
