[10, 20, 30, 50, 100]
[4815.490834615293, 9904.74089847322, 14525.18052009528, 26888.813176541633, 52777.62440059185]
[0, 1, 0, 4, 3]
[{0: 10, 1: 9, 2: 3, 3: 2}, {0: 22, 1: 7, 2: 8, 3: 8}, {0: 28, 1: 17, 2: 3, 3: 6, 4: 3, 5: 1, 7: 2}, {0: 43, 1: 19, 2: 10, 3: 6, 4: 5, 5: 5, 7: 1, 9: 1, 15: 1}, {0: 109, 1: 43, 2: 21, 3: 15, 4: 5, 5: 7, 6: 3, 7: 2, 8: 2, 9: 2}]
[2, 3, 2, 3, 2]
[608, 1136, 1536, 2336, 3856]
[4207.490834615293, 8768.74089847322, 12989.18052009528, 24552.813176541633, 48921.62440059185]
[0.7377302281060235, 0.5058622701032895, 0.3302267017848091, 0.10398506999308377, 0.0014114313650587687]
[1, 1, 1, 1, 1]
[0.8390886103705792, 0.7040696960536299, 0.5907768628656764, 0.41594808627335367, 0.1730128104744653]
[0.9511698752531667, 0.9047241315891249, 0.8605463393821574, 0.7785570395897229, 0.47192317785002874]
[0.9540649618417362, 0.9056978449586689, 0.868428044512692, 0.7912691702140661, 0.6180161677532174]
[0.968843698541848, 0.8768334873571839, 0.7479638480340265, 0.4058047976703179, 0.02797115235727862]
[38, 71, 96, 146, 241]
[]
