[10, 20, 100]
[753.1087518615052, 1970.7212715084947, 7065.931218833564]
[0, 0, 0]
[{0: 5, 2: 2}, {0: 17, 1: 3, 2: 2}, {0: 88, 1: 13, 2: 5, 3: 2, 4: 2, 7: 1}]
[2, 1, 1]
[112, 256, 688]
[641.1087518615052, 1714.7212715084947, 6377.931218833564]
[0.9360976168664074, 0.8143933707991785, 0.25104888188358215]
[1, 1, 1]
[0.9511101304657719, 0.9046104802746174, 0.6057704364907278]
[1.0, 0.9511698752531667, 0.7785570395897228]
[0.9890548353295385, 0.9714023696327188, 0.8520755747117394]
[0.9951074133706563, 0.9743508518539215, 0.6247146129977822]
[7, 16, 43]
[]
