[276.7742284358963, 1172.6690867663335, 4842.172216997655, 16067.32140006668, 32852.584245395454, 148926.69974872595]
[0, 0, 2, 1, 5, 25]
[{0: 1, 1: 1}, {0: 5, 1: 3, 2: 1}, {0: 19, 1: 6, 2: 2, 3: 1, 4: 1}, {0: 26, 1: 21, 2: 9, 3: 4, 4: 1, 5: 1, 7: 1}, {0: 50, 1: 33, 2: 25, 3: 7, 4: 4, 5: 3, 6: 1, 8: 3, 9: 1}, {0: 122, 1: 94, 2: 59, 3: 37, 4: 35, 5: 17, 6: 7, 7: 8, 8: 4, 9: 4, 10: 2, 11: 1, 12: 3}]
[1, 2, 2, 2, 3, 4]
[48, 176, 560, 1600, 2992, 11088]
[228.7742284358963, 996.6690867663335, 4282.172216997655, 14467.32140006668, 29860.58424539545, 137838.69974872595]
[0.9714786116348081, 0.8633931148986356, 0.6631283687636408, 0.2776566539824136, 0.03718560205364859, 6.1419602776266275e-09]
[1, 1, 1, 1, 1, 1]
[0.990025, 0.960693043575437, 0.8433051360508333, 0.6180388156137951, 0.3157247089126453, 0.007850893410826707]
[0.9850934380853521, 0.9184145347141541, 0.8779525137804479, 0.7079144895174394, 0.48388511639810067, 0.08909751893838479]
[0.997002999, 0.9860906369990011, 0.9550199818235597, 0.8754068367770321, 0.7340672721936987, 0.3010134290934014]
[0.9991097362537346, 0.9923579464935168, 0.9378413499400138, 0.7249392239370055, 0.3315798417455678, 2.9170000763398283e-05]
[3, 11, 35, 100, 187, 693]
[]
