[10, 20, 30, 50, 100]
[1932.4870793961832, 4092.3830483431093, 5588.720223555067, 8233.516022024613, 19641.892418981177]
[0, 2, 1, 2, 1]
[{0: 7, 1: 3, 2: 3}, {0: 34, 1: 10, 2: 8, 3: 2, 5: 2}, {0: 51, 1: 13, 2: 7, 3: 3, 5: 2}, {0: 90, 1: 32, 2: 7, 3: 1, 4: 1, 5: 1}, {0: 213, 1: 57, 2: 27, 3: 4, 4: 4, 5: 5, 6: 2}]
[2, 2, 2, 2, 2]
[256, 496, 624, 848, 1664]
[1676.4870793961832, 3596.3830483431093, 4964.720223555067, 7385.5160220246125, 17977.892418981177]
[0.8738146256672998, 0.49300416567833266, 0.3923166568955828, 0.2163120223305956, 0.007936569558892567]
[1, 1, 1, 1, 1]
[0.9275689688183277, 0.7402609576967045, 0.6662995813682114, 0.5507399854171279, 0.2325500820112472]
[0.9752793831785673, 0.7405400022240313, 0.7079144895174396, 0.5882144973212001, 0.1657545007217561]
[0.9782294672887407, 0.9493041681462658, 0.9295668775782807, 0.8780383184956018, 0.7671042341100787]
[0.9874231700364404, 0.947352996959377, 0.8947583609526053, 0.7604748492092386, 0.2684087196480193]
[16, 31, 39, 53, 104]
[]
