[991.6606029730924, 2130.807768214442, 4175.664047120125, 18351.743346919196, 104110.40401035646]
[0, 0, 0, 2, 9]
[{0: 7, 1: 4}, {0: 18, 1: 5}, {0: 43, 1: 11, 2: 4, 3: 2}, {0: 139, 1: 29, 2: 17, 3: 3, 4: 4, 5: 2, 8: 3}, {0: 725, 1: 230, 2: 171, 3: 45, 4: 9, 5: 14, 6: 6, 7: 6, 9: 2, 10: 2, 11: 1}]
[1, 1, 1, 1, 2]
[144, 288, 512, 1648, 7808]
[847.6606029730924, 1842.8077682144424, 3663.6640471201254, 16703.743346919196, 96302.40401035646]
[0.8854538305298556, 0.7359609207110785, 0.4092950441490317, 0.0283454276516279, 4.706558981003054e-13]
[1, 1, 1, 1, 1]
[0.9463545798134431, 0.9091562615825302, 0.7552531090661895, 0.3386767948568688, 0.0007443325848016572]
[0.955943618699045, 0.856248986099868, 0.6246345745199476, 0.18785385495806048, 2.0837143327445216e-06]
[0.9851045463620023, 0.9723747443770956, 0.942678941164333, 0.82275438206859, 0.3995330431643906]
[0.9935676233141192, 0.9722601356953118, 0.9203523796956805, 0.541510967236905, 0.000759531153025494]
[9, 18, 32, 103, 488]
[]
