[276.7742284358963, 1172.6690867663335, 4697.92887500953, 16500.651794304522, 35787.04260331072, 164423.63612615332]
[0, 0, 1, 1, 5, 15]
[{0: 1, 1: 1}, {0: 5, 1: 3, 2: 1}, {0: 29, 1: 7, 2: 3, 3: 2}, {0: 56, 1: 23, 2: 13, 3: 4, 5: 3}, {0: 238, 1: 58, 2: 27, 3: 12, 4: 6, 5: 4, 8: 2, 9: 2}, {0: 951, 1: 155, 2: 80, 3: 67, 4: 48, 5: 32, 6: 4, 7: 7, 8: 7, 9: 1, 10: 4, 23: 2}]
[1, 2, 1, 2, 2, 1]
[48, 176, 576, 1648, 3184, 12240]
[228.7742284358963, 996.6690867663335, 4121.92887500953, 14852.651794304522, 32603.042603310718, 152183.63612615332]
[0.9714786116348081, 0.8633931148986356, 0.5992944583629708, 0.20218489472355944, 0.004246253749884299, 6.428156644432206e-14]
[1, 1, 1, 1, 1, 1]
[0.990025, 0.960693043575437, 0.810157377815473, 0.5398075216808174, 0.14444721332374086, 0.00016629078159669308]
[0.9850934380853521, 0.9184145347141541, 0.8267624265950049, 0.6001122460598984, 0.1426394288322244, 0.00018768784243814297]
[0.997002999, 0.9860906369990011, 0.9521577859830148, 0.8684280445126925, 0.68647317783401, 0.22296276370290444]
[0.9991097362537346, 0.9923579464935168, 0.9396826671059187, 0.7186930505765828, 0.3002158459977335, 9.23740097626544e-06]
[3, 11, 36, 103, 199, 765]
[]
