[412.1963637961553, 3123.1520695835457, 13358.692782837245, 29737.884008483663, 84108.90284858731]
[64, 416, 1520, 3024, 7920]
[348.1963637961553, 2707.1520695835457, 11838.692782837245, 26713.884008483663, 76188.90284858731]
[0.9691074762729694, 0.7970130817584676, 0.38518352630202496, 0.09515257585101168, 0.00029348936564163277]
[1, 1, 1, 1, 1]
[0.9801495006250001, 0.8955869907338783, 0.6242658676435395, 0.3632974174544486, 0.04819076839980126]
[0.9950062500000001, 0.9369912026163576, 0.8350819830107529, 0.6122506492294104, 0.22835660184492276]
[0.995009990004999, 0.9694605362958226, 0.8824417114557719, 0.7779246707428751, 0.47360873621294564]
[0.9986800426937623, 0.9796975568122012, 0.8373036271958206, 0.549909775205699, 0.056311259588635636]
[4, 26, 95, 189, 495]
[0.2222437858581543, 0.014073610305786133, 0.03275489807128906, 0.06386089324951172, 0.19330430030822754]
