[10, 20, 40, 60, 80, 100]
[657.1686564097648, 1860.3340693720866, 2395.920851421713, 3667.5988554563532, 3991.0659666238967, 5714.757429489896]
[0, 0, 0, 1, 0, 0]
[{0: 5, 2: 2}, {0: 17, 1: 3, 2: 2}, {0: 36, 1: 9, 3: 2}, {0: 54, 1: 14, 2: 5}, {0: 69, 1: 17, 2: 5, 3: 1}, {0: 90, 1: 17, 2: 3, 3: 1, 4: 2, 7: 1}]
[2, 1, 1, 1, 1, 1]
[96, 240, 272, 400, 432, 576]
[561.1686564097648, 1620.3340693720866, 2123.920851421713, 3267.5988554563532, 3559.0659666238967, 5138.757429489896]
[0.9366968117467985, 0.814787524871522, 0.6492894137210022, 0.49473483777730576, 0.387508297384578, 0.27023265875367247]
[1, 1, 1, 1, 1, 1]
[0.9511101304657719, 0.9046104802746174, 0.8183201210226742, 0.7402609576967045, 0.6696478204705641, 0.6057704364907278]
[1.0, 0.9511698752531667, 0.9047241315891248, 0.8605463393821575, 0.8185257542796961, 0.7785570395897228]
[0.9890548353295386, 0.970430967263086, 0.9342286880693633, 0.8984775710829263, 0.8736568985103144, 0.8377055948310879]
[0.9957443803458814, 0.9757982211486076, 0.9387408533451945, 0.8643828602785856, 0.8092100861280708, 0.683987094836931]
[6, 15, 17, 25, 27, 36]
[]
