[6, 10, 20, 30, 40, 50, 60, 80, 100]
[1126.7002692351925, 1832.6468241584148, 3184.8682956639595, 5237.238674106476, 7058.796216735919, 8336.464070710155, 8595.273793427217, 12022.733566554589, 18439.340009119325]
[0, 0, 1, 1, 0, 2, 0, 0, 1]
[{0: 3, 1: 3, 2: 1}, {0: 9, 1: 5, 2: 1}, {0: 17, 1: 6, 2: 3, 5: 1}, {0: 26, 1: 8, 2: 2, 3: 2, 5: 1}, {0: 40, 1: 13, 2: 2, 3: 2, 5: 1}, {0: 59, 1: 20, 2: 1, 3: 1, 6: 1}, {0: 53, 1: 11, 2: 8, 3: 1, 4: 1, 7: 1, 9: 1}, {0: 67, 1: 15, 2: 7, 3: 6, 4: 4}, {0: 100, 1: 28, 2: 11, 3: 3, 4: 1, 5: 3}]
[2, 2, 2, 2, 2, 1, 2, 2, 2]
[160, 240, 400, 560, 736, 832, 816, 1056, 1488]
[966.7002692351925, 1592.6468241584148, 2784.8682956639595, 4677.238674106476, 6322.796216735919, 7504.464070710155, 7779.273793427217, 10966.733566554589, 16951.340009119325]
[0.926336182256398, 0.8743971494356714, 0.7508866243362259, 0.6269090986795368, 0.4607944733133279, 0.3610514220038892, 0.34272473547415144, 0.20071073572877993, 0.06646312780301775]
[1, 1, 1, 1, 1, 1, 1, 1, 1]
[0.9558895783575599, 0.9275689688183277, 0.8603841919146961, 0.798065677681905, 0.7402609576967044, 0.6866430931872, 0.6369088258938781, 0.547986285490042, 0.47147873742168583]
[0.9850934380853521, 0.9752793831785673, 0.9511698752531668, 0.9276563692349433, 0.8185257542796962, 0.7785570395897228, 0.8605463393821575, 0.8185257542796961, 0.6061510638947132]
[0.9880657804942091, 0.9782294672887407, 0.956932890672013, 0.9398537314349843, 0.9175547491935331, 0.8913148576343526, 0.881559269744316, 0.8503722756378911, 0.7992255563671308]
[0.9956291792568762, 0.988081430323109, 0.9588316843479207, 0.9009870289521946, 0.8288159128452095, 0.7577333845544386, 0.7093203256515856, 0.5262104543848374, 0.2909835442598894]
[10, 15, 25, 35, 46, 52, 51, 66, 93]
[]
