[20, 30, 50, 100]
[15252.19695583046, 22244.74328843552, 39572.39444781807, 84135.93544969423]
[1648, 2208, 3312, 6080]
[13604.19695583046, 20036.74328843552, 36260.39444781807, 78055.93544969423]
[0.3567880090233263, 0.2153771200394766, 0.037625545463017565, 4.956955653868626e-05]
[1, 1, 1, 1]
[0.6057704364907278, 0.4714787374216858, 0.28560788056403197, 0.08157186144027832]
[0.818525754279696, 0.8605463393821574, 0.686966649736382, 0.36741911226069274]
[0.881559269744316, 0.8293661352855806, 0.7274870315965037, 0.5276512561805752]
[0.8162408208212367, 0.6400544093044482, 0.26360382548979655, 0.0031344831593000722]
[103, 138, 207, 380]
[0.033186912536621094, 0.04236173629760742, 0.07823753356933594, 0.17649555206298828]
