[412.1963637961553, 2749.8235458728, 12075.681355679435, 26119.42709869738, 63863.73897569088]
[64, 336, 1328, 2560, 5696]
[348.1963637961553, 2413.8235458728, 10747.681355679435, 23559.42709869738, 58167.73897569088]
[0.9691074762729694, 0.795845832978153, 0.38725944493398423, 0.09836073189416233, 0.000500931282771047]
[1, 1, 1, 1, 1]
[0.9801495006250001, 0.8955869907338783, 0.6242658676435395, 0.3632974174544486, 0.04819076839980126]
[0.9950062500000001, 0.9369912026163576, 0.8350819830107529, 0.6122506492294104, 0.22835660184492276]
[0.995009990004999, 0.9655885070369844, 0.8719104583701923, 0.7466594429963723, 0.39674468808646635]
[0.9986800426937623, 0.9821856145907623, 0.8519839780754225, 0.5922534846721816, 0.11473333305955996]
[4, 21, 83, 160, 356]
[0.22018146514892578, 0.016076087951660156, 0.04608798027038574, 0.10634160041809082, 0.3737943172454834]
