[10, 20, 30, 50, 100]
[5286.703783552239, 8764.007727360844, 14222.28708744814, 21005.458042551443, 39608.47998002494]
[2, 2, 1, 4, 3]
[{0: 11, 1: 4, 2: 3, 3: 3}, {0: 16, 1: 8, 2: 3, 3: 3, 4: 1, 5: 2, 7: 1}, {0: 30, 1: 15, 2: 9, 3: 3, 4: 1, 6: 1, 8: 1}, {0: 48, 1: 24, 2: 11, 3: 5, 4: 7, 5: 3}, {0: 97, 1: 47, 2: 26, 3: 11, 4: 2, 5: 6, 6: 2, 8: 3}]
[2, 2, 2, 2, 2]
[624, 960, 1376, 1872, 2960]
[4662.703783552239, 7804.007727360843, 12846.28708744814, 19133.458042551443, 36648.47998002494]
[0.7390804139142978, 0.5486882366371472, 0.3372538009304398, 0.12934613161633218, 0.006108763905956804]
[1, 1, 1, 1, 1]
[0.860384191914696, 0.7402609576967044, 0.6369088258938781, 0.4714787374216859, 0.22229219984074697]
[0.9276563692349433, 0.9047241315891247, 0.7982912927496736, 0.6869666497363819, 0.6061510638947133]
[0.9588496310845509, 0.9203129279589385, 0.881559269744316, 0.8064546837933363, 0.655595601817397]
[0.965743146329033, 0.8902031107850042, 0.752430994810767, 0.49519438369887947, 0.06915318922644383]
[39, 60, 86, 117, 185]
[]
