[991.6606029730924, 2130.807768214442, 4055.107019116237, 17884.117640167744, 93904.92861466826]
[0, 0, 0, 2, 9]
[{0: 7, 1: 4}, {0: 18, 1: 5}, {0: 24, 1: 7, 2: 3, 3: 1}, {0: 121, 1: 13, 2: 11, 3: 4, 4: 2, 5: 2, 8: 2}, {0: 506, 1: 81, 2: 50, 3: 20, 4: 7, 5: 6, 6: 8, 7: 8, 8: 2, 9: 2, 12: 1}]
[1, 1, 2, 1, 1]
[144, 288, 480, 1632, 7056]
[847.6606029730924, 1842.8077682144424, 3575.107019116237, 16252.117640167746, 86848.92861466826]
[0.8854538305298556, 0.7359609207110785, 0.5585071458703728, 0.06140421681200995, 3.88000965533083e-08]
[1, 1, 1, 1, 1]
[0.9463545798134431, 0.9091562615825302, 0.8307187014821327, 0.45068161151856984, 0.019646957452883834]
[0.955943618699045, 0.856248986099868, 0.7669514308749937, 0.29924017560749755, 0.00291670807962694]
[0.9851045463620023, 0.9723747443770956, 0.9502544225688345, 0.8277082323811448, 0.4306664954467129]
[0.9935676233141192, 0.9722601356953118, 0.922501295995008, 0.5500867475671042, 0.0015721842843044668]
[9, 18, 30, 102, 441]
[]
