[6, 10, 20, 30, 40, 50, 60, 80, 100]
[1462.1676609751116, 2846.931200844204, 5316.875015704362, 8828.985564126293, 11401.078237873691, 13341.739139040981, 16133.819743948114, 22312.974326962863, 25630.366534054836]
[1, 3, 1, 0, 0, 1, 2, 1, 2]
[{0: 6, 2: 3}, {0: 10, 1: 4, 2: 3, 3: 1}, {0: 16, 1: 9, 2: 3, 3: 1, 4: 2}, {0: 30, 1: 11, 2: 2, 3: 1, 4: 3, 9: 1}, {0: 39, 1: 18, 2: 6, 3: 4, 4: 1}, {0: 43, 1: 20, 2: 4, 3: 2, 4: 1, 5: 4, 6: 1}, {0: 57, 1: 23, 2: 7, 3: 3, 4: 4, 5: 1, 8: 1}, {0: 75, 1: 30, 2: 11, 3: 3, 4: 3, 5: 1, 6: 1, 8: 1, 9: 1}, {0: 96, 1: 45, 2: 18, 3: 7, 4: 1, 5: 1, 6: 1}]
[2, 2, 2, 2, 2, 2, 2, 2, 2]
[208, 368, 608, 848, 1120, 1216, 1456, 1760, 1968]
[1254.1676609751116, 2478.931200844204, 4708.875015704362, 7980.985564126293, 10281.078237873691, 12125.739139040981, 14677.819743948114, 20552.974326962863, 23662.366534054836]
[0.9085837975176309, 0.839487296363224, 0.6504814834076403, 0.48863897694834924, 0.3608562599552248, 0.2629332581530768, 0.17889420666769915, 0.07207219085911437, 0.029878348320246176]
[1, 1, 1, 1, 1, 1, 1, 1, 1]
[0.941622806914376, 0.9046104802746174, 0.818320121022674, 0.7402609576967045, 0.6696478204705641, 0.6057704364907279, 0.5479862854900421, 0.44842820346097706, 0.3669578217261671]
[0.9850934380853521, 0.9752793831785673, 0.9047241315891248, 0.8605463393821574, 0.818525754279696, 0.7785570395897228, 0.7405400022240315, 0.6699844104191456, 0.6061510638947133]
[0.9851045463620021, 0.9694605362958229, 0.9426789411643327, 0.9148048366926451, 0.892207064699052, 0.8701675093639109, 0.8419067177676076, 0.7936477332643063, 0.7504039662884397]
[0.9943247951833621, 0.9815068502022005, 0.9320339431641874, 0.8384951361120588, 0.7378868614159791, 0.6406843995169981, 0.5236174232131137, 0.30226114771373236, 0.17900470415797937]
[13, 23, 38, 53, 70, 76, 91, 110, 123]
[]
