[20, 30, 50, 100]
[14315.658391178924, 20015.57566512854, 31507.289225904544, 60452.43948385897]
[1504, 1968, 2544, 4336]
[12811.658391178924, 18047.57566512854, 28963.289225904544, 56116.43948385897]
[0.2882003508237437, 0.11687453646147111, 0.027252240392179668, 4.588585754415282e-05]
[1, 1, 1, 1]
[0.5535075230322891, 0.36148093036717616, 0.2279338467536267, 0.049911691230058404]
[0.7331623261970517, 0.6153234205608362, 0.5216210791471958, 0.13365188996201627]
[0.8589229565610539, 0.7841761670052572, 0.6595429797320641, 0.41667956081130275]
[0.8268307624759871, 0.6700657588131648, 0.34753228507626555, 0.016508182611562647]
[94, 123, 159, 271]
[0.05361008644104004, 0.08843111991882324, 0.18264198303222656, 0.4725613594055176]
