[10, 20, 30, 50, 100]
[1932.4870793961832, 3228.7192194012982, 5432.2669779099915, 7261.16497202206, 17479.279495058232]
[0, 2, 1, 3, 1]
[{0: 7, 1: 3, 2: 3}, {0: 16, 1: 4, 2: 5, 5: 1}, {0: 25, 1: 7, 2: 3, 3: 2, 5: 1}, {0: 46, 1: 15, 2: 3, 3: 2, 4: 2, 5: 1, 6: 1}, {0: 87, 1: 20, 2: 15, 3: 4, 4: 2, 5: 2, 6: 2}]
[2, 2, 2, 2, 2]
[256, 416, 592, 736, 1408]
[1676.4870793961832, 2812.7192194012982, 4840.2669779099915, 6525.16497202206, 16071.279495058232]
[0.8738146256672998, 0.7497043624575189, 0.6226084098807375, 0.37318743226193685, 0.07049114821889478]
[1, 1, 1, 1, 1]
[0.9275689688183277, 0.8603841919146961, 0.798065677681905, 0.6866430931872, 0.47147873742168583]
[0.9752793831785673, 0.9511698752531668, 0.9276563692349433, 0.7785570395897228, 0.6061510638947132]
[0.9782294672887407, 0.955975957781341, 0.9370369888620201, 0.8886435861147076, 0.7944421754397465]
[0.9874231700364404, 0.9582802957912363, 0.8974959213371112, 0.7855573695477528, 0.3104769112284826]
[16, 26, 37, 46, 88]
[]
