[6, 10, 20, 30, 40, 50, 60, 80, 100]
[1591.8589208426042, 2770.4205191397355, 5555.754754618174, 8844.416603161586, 11401.078237873691, 14182.311914422497, 16190.852883515463, 25328.936156586755, 27752.918380723415]
[1, 1, 0, 0, 0, 0, 1, 1, 1]
[{0: 9, 1: 1, 2: 3}, {0: 17, 1: 8, 2: 2}, {0: 33, 1: 8, 2: 3, 3: 1, 4: 2}, {0: 57, 1: 10, 2: 2, 3: 2, 4: 1, 5: 1, 9: 1}, {0: 39, 1: 18, 2: 6, 3: 4, 4: 1}, {0: 86, 1: 26, 2: 6, 4: 2, 5: 2, 6: 1}, {0: 116, 1: 29, 2: 8, 3: 3, 4: 7, 5: 2}, {0: 151, 1: 35, 2: 17, 3: 6, 4: 10, 5: 4, 7: 1, 9: 1}, {0: 180, 1: 52, 2: 37, 3: 3, 4: 1, 6: 2}]
[2, 2, 1, 1, 2, 2, 1, 2, 2]
[240, 352, 640, 864, 1120, 1264, 1456, 2064, 2144]
[1351.8589208426042, 2418.4205191397355, 4915.754754618174, 7980.416603161585, 10281.078237873691, 12918.311914422497, 14734.852883515463, 23264.936156586755, 25608.918380723415]
[0.8803573397706635, 0.7980877299070475, 0.5848557052407416, 0.41701390608212763, 0.3608562599552248, 0.19546007517758146, 0.0959303631960245, 0.01789189515302718, 0.009222042108883353]
[1, 1, 1, 1, 1, 1, 1, 1, 1]
[0.9322301194154051, 0.8822202429488011, 0.7822236754458712, 0.6900935609921609, 0.6696478204705641, 0.542520122292279, 0.42437208406280996, 0.26359640222486147, 0.23965031961335995]
[0.9655631014067865, 0.9511698752531668, 0.856248986099868, 0.794304825606505, 0.818525754279696, 0.6767263388387883, 0.5242389976416688, 0.34254928516004834, 0.3408386796672802]
[0.9841194418156402, 0.9684910757595268, 0.9398537314349844, 0.9075119613694456, 0.892207064699052, 0.8546369224228785, 0.8252275899809902, 0.7717230117583412, 0.7282152468433465]
[0.9938192080763327, 0.9820190322333519, 0.9290892475977992, 0.8383068278844917, 0.7378868614159791, 0.622941808047066, 0.5225239692889248, 0.25676294606411887, 0.15503881720624355]
[15, 22, 40, 54, 70, 79, 91, 129, 134]
[]
